0, 4, 8, 
0, 7, 0, 
0, 9, 0, 
0, 10, 0, 
0, 11, 0, 
0, 12, 0, 
0, 13, 0, 
0, 14, 0, 
0, 15, 0, 
0, 16, 0, 
0, 17, 0, 
0, 18, 0, 
0, 19, 0, 
0, 20, 0, 
0, 21, 2, 
0, 22, 0, 
0, 23, 0, 
0, 24, 0, 
0, 25, 0, 
0, 26, 0, 
0, 27, 22, 
0, 28, 0, 
0, 29, 0, 
0, 30, 0, 
0, 31, 0, 
0, 32, 0, 
0, 57, 0, 
0, 58, 0, 
0, 59, 0, 
0, 60, 0, 
0, 61, 0, 
0, 62, 0, 
0, 63, 0, 
0, 64, 0, 
0, 65, 0, 
0, 66, 0, 
0, 67, 0, 
0, 68, 0, 
0, 69, 0, 
0, 70, 0, 
0, 71, 0, 
0, 72, 0, 
0, 73, 0, 
0, 74, 0, 
0, 75, 0, 
0, 76, 0, 
0, 77, 0, 
1, 2, 0, 
1, 3, 0, 
1, 8, 0, 
1, 27, 0, 
1, 28, 0, 
1, 29, 0, 
1, 30, 0, 
1, 31, 0, 
1, 32, 0, 
1, 33, 0, 
1, 34, 0, 
1, 35, 0, 
1, 36, 0, 
1, 37, 0, 
1, 38, 0, 
1, 39, 0, 
1, 40, 0, 
1, 41, 0, 
1, 42, 0, 
1, 43, 0, 
1, 44, 0, 
1, 45, 0, 
1, 46, 9, 
1, 47, 1, 
1, 48, 3, 
1, 49, 0, 
1, 50, 1, 
1, 51, 0, 
1, 52, 0, 
1, 53, 0, 
1, 54, 0, 
1, 55, 0, 
1, 56, 0, 
1, 57, 0, 
1, 58, 0, 
1, 59, 0, 
1, 60, 0, 
1, 61, 0, 
1, 62, 0, 
2, 1, 0, 
2, 3, 0, 
2, 8, 0, 
2, 27, 0, 
2, 28, 0, 
2, 29, 0, 
2, 30, 0, 
2, 31, 0, 
2, 32, 0, 
2, 33, 0, 
2, 34, 0, 
2, 35, 0, 
2, 36, 0, 
2, 37, 0, 
2, 38, 0, 
2, 39, 0, 
2, 40, 0, 
2, 41, 0, 
2, 42, 0, 
2, 43, 0, 
2, 44, 0, 
2, 45, 0, 
2, 46, 0, 
2, 47, 0, 
2, 48, 2, 
2, 49, 0, 
2, 50, 3, 
2, 51, 0, 
2, 52, 0, 
2, 53, 0, 
2, 54, 0, 
2, 55, 0, 
2, 56, 0, 
2, 57, 8, 
2, 58, 2, 
2, 59, 0, 
2, 60, 2, 
2, 61, 0, 
2, 62, 0, 
3, 1, 0, 
3, 2, 0, 
3, 8, 0, 
3, 27, 0, 
3, 28, 0, 
3, 29, 0, 
3, 30, 0, 
3, 31, 0, 
3, 32, 0, 
3, 33, 0, 
3, 34, 0, 
3, 35, 0, 
3, 36, 0, 
3, 37, 0, 
3, 38, 0, 
3, 39, 0, 
3, 40, 0, 
3, 41, 0, 
3, 42, 0, 
3, 43, 0, 
3, 44, 0, 
3, 45, 0, 
3, 46, 5, 
3, 47, 0, 
3, 48, 4, 
3, 49, 0, 
3, 50, 2, 
3, 51, 0, 
3, 52, 3, 
3, 53, 1, 
3, 54, 3, 
3, 55, 0, 
3, 56, 1, 
3, 57, 0, 
3, 58, 0, 
3, 59, 0, 
3, 60, 0, 
3, 61, 0, 
3, 62, 0, 
4, 0, 0, 
4, 5, 0, 
4, 6, 0, 
4, 7, 0, 
4, 9, 0, 
4, 10, 8, 
4, 11, 0, 
4, 12, 0, 
4, 13, 0, 
4, 14, 5, 
4, 15, 0, 
4, 16, 4, 
4, 17, 0, 
4, 18, 1, 
4, 19, 0, 
4, 20, 0, 
4, 21, 0, 
4, 22, 0, 
4, 23, 0, 
4, 24, 0, 
4, 25, 0, 
4, 26, 0, 
4, 63, 0, 
4, 64, 0, 
4, 65, 0, 
4, 66, 0, 
4, 67, 0, 
4, 68, 0, 
4, 69, 0, 
4, 70, 0, 
4, 71, 0, 
4, 72, 0, 
4, 73, 0, 
4, 74, 0, 
4, 75, 0, 
4, 76, 0, 
4, 77, 0, 
4, 78, 0, 
5, 4, 6, 
5, 6, 0, 
5, 9, 0, 
5, 10, 0, 
5, 11, 0, 
5, 12, 0, 
5, 13, 1, 
5, 14, 3, 
5, 15, 4, 
5, 16, 0, 
5, 17, 0, 
5, 18, 0, 
5, 19, 0, 
5, 20, 0, 
5, 68, 0, 
5, 69, 0, 
5, 70, 0, 
5, 71, 0, 
5, 72, 0, 
5, 73, 0, 
5, 74, 0, 
5, 75, 0, 
5, 76, 0, 
5, 77, 0, 
6, 4, 1, 
6, 5, 0, 
6, 9, 0, 
6, 10, 0, 
6, 11, 0, 
6, 12, 0, 
6, 13, 8, 
6, 14, 0, 
6, 15, 3, 
6, 16, 0, 
6, 17, 3, 
6, 18, 0, 
6, 19, 2, 
6, 20, 0, 
6, 68, 0, 
6, 69, 0, 
6, 70, 0, 
6, 71, 0, 
6, 72, 0, 
6, 73, 0, 
6, 74, 0, 
6, 75, 0, 
6, 76, 0, 
6, 77, 0, 
7, 0, 0, 
7, 4, 0, 
7, 9, 0, 
7, 10, 0, 
7, 11, 0, 
7, 12, 1, 
7, 13, 0, 
7, 14, 1, 
7, 15, 0, 
7, 16, 0, 
7, 17, 0, 
7, 18, 1, 
7, 19, 0, 
7, 20, 1, 
7, 21, 0, 
7, 22, 2, 
7, 23, 1, 
7, 24, 0, 
7, 25, 0, 
7, 26, 0, 
7, 27, 0, 
7, 28, 0, 
7, 29, 0, 
7, 30, 0, 
7, 31, 0, 
7, 32, 0, 
7, 57, 0, 
7, 58, 0, 
7, 59, 0, 
7, 60, 0, 
7, 61, 0, 
7, 62, 0, 
7, 63, 0, 
7, 64, 0, 
7, 65, 0, 
7, 66, 0, 
7, 67, 0, 
7, 68, 0, 
7, 69, 0, 
7, 70, 0, 
7, 71, 0, 
7, 72, 0, 
7, 73, 0, 
7, 74, 0, 
7, 75, 0, 
7, 76, 0, 
7, 77, 0, 
7, 78, 12, 
8, 1, 2, 
8, 2, 0, 
8, 3, 11, 
8, 27, 0, 
8, 28, 0, 
8, 29, 0, 
8, 30, 0, 
8, 31, 0, 
8, 32, 0, 
8, 33, 0, 
8, 34, 0, 
8, 35, 0, 
8, 36, 0, 
8, 37, 0, 
8, 38, 0, 
8, 39, 0, 
8, 40, 0, 
8, 41, 0, 
8, 42, 0, 
8, 43, 0, 
8, 44, 0, 
8, 45, 0, 
8, 46, 0, 
8, 47, 2, 
8, 48, 0, 
8, 49, 0, 
8, 50, 0, 
8, 51, 2, 
8, 52, 0, 
8, 53, 1, 
8, 54, 0, 
8, 55, 0, 
8, 56, 0, 
8, 57, 0, 
8, 58, 0, 
8, 59, 0, 
8, 60, 0, 
8, 61, 0, 
8, 62, 0, 
9, 0, 0, 
9, 4, 0, 
9, 5, 0, 
9, 6, 0, 
9, 7, 0, 
9, 10, 0, 
9, 12, 0, 
9, 14, 0, 
9, 16, 0, 
9, 18, 0, 
9, 20, 0, 
9, 68, 0, 
9, 69, 0, 
9, 70, 0, 
9, 71, 0, 
9, 72, 0, 
9, 78, 0, 
10, 0, 0, 
10, 4, 0, 
10, 5, 0, 
10, 6, 0, 
10, 7, 0, 
10, 11, 0, 
10, 13, 0, 
10, 15, 0, 
10, 17, 0, 
10, 19, 0, 
10, 21, 8, 
10, 22, 0, 
10, 23, 0, 
10, 24, 0, 
10, 25, 0, 
10, 26, 0, 
10, 63, 0, 
10, 64, 0, 
10, 65, 0, 
10, 66, 0, 
10, 67, 0, 
10, 73, 0, 
10, 74, 0, 
10, 75, 0, 
10, 76, 0, 
10, 77, 0, 
10, 78, 0, 
11, 0, 0, 
11, 4, 0, 
11, 5, 0, 
11, 6, 0, 
11, 7, 0, 
11, 12, 0, 
11, 14, 0, 
11, 16, 0, 
11, 18, 0, 
11, 20, 0, 
11, 68, 0, 
11, 69, 0, 
11, 70, 0, 
11, 71, 0, 
11, 72, 0, 
11, 78, 0, 
12, 0, 0, 
12, 4, 0, 
12, 5, 0, 
12, 6, 0, 
12, 7, 0, 
12, 13, 0, 
12, 15, 0, 
12, 17, 0, 
12, 19, 0, 
12, 22, 1, 
12, 23, 0, 
12, 24, 0, 
12, 25, 0, 
12, 26, 0, 
12, 64, 0, 
12, 65, 0, 
12, 66, 0, 
12, 67, 0, 
12, 73, 0, 
12, 74, 0, 
12, 75, 0, 
12, 76, 0, 
12, 77, 0, 
12, 78, 0, 
13, 0, 0, 
13, 4, 0, 
13, 5, 0, 
13, 6, 0, 
13, 7, 0, 
13, 14, 9, 
13, 16, 0, 
13, 18, 0, 
13, 20, 0, 
13, 69, 0, 
13, 70, 0, 
13, 71, 0, 
13, 72, 0, 
13, 78, 0, 
14, 0, 0, 
14, 4, 3, 
14, 5, 0, 
14, 6, 0, 
14, 7, 0, 
14, 15, 0, 
14, 17, 0, 
14, 19, 0, 
14, 23, 13, 
14, 24, 0, 
14, 25, 0, 
14, 26, 0, 
14, 65, 0, 
14, 66, 0, 
14, 67, 0, 
14, 74, 0, 
14, 75, 0, 
14, 76, 0, 
14, 77, 0, 
14, 78, 2, 
15, 0, 0, 
15, 4, 0, 
15, 5, 0, 
15, 6, 0, 
15, 7, 0, 
15, 16, 7, 
15, 18, 0, 
15, 20, 0, 
15, 70, 0, 
15, 71, 0, 
15, 72, 0, 
15, 78, 0, 
16, 0, 0, 
16, 4, 0, 
16, 5, 0, 
16, 6, 0, 
16, 7, 0, 
16, 17, 0, 
16, 19, 0, 
16, 24, 9, 
16, 25, 0, 
16, 26, 0, 
16, 66, 0, 
16, 67, 0, 
16, 75, 0, 
16, 76, 0, 
16, 77, 0, 
16, 78, 2, 
17, 0, 0, 
17, 4, 0, 
17, 5, 0, 
17, 6, 0, 
17, 7, 0, 
17, 18, 3, 
17, 20, 0, 
17, 71, 0, 
17, 72, 0, 
17, 78, 0, 
18, 0, 0, 
18, 4, 0, 
18, 5, 0, 
18, 6, 0, 
18, 7, 0, 
18, 19, 0, 
18, 25, 4, 
18, 26, 0, 
18, 67, 0, 
18, 76, 0, 
18, 77, 0, 
18, 78, 1, 
19, 0, 0, 
19, 4, 0, 
19, 5, 0, 
19, 6, 0, 
19, 7, 0, 
19, 20, 2, 
19, 72, 0, 
19, 78, 0, 
20, 0, 0, 
20, 4, 0, 
20, 5, 0, 
20, 6, 0, 
20, 7, 0, 
20, 26, 2, 
20, 77, 0, 
20, 78, 1, 
21, 0, 0, 
21, 4, 0, 
21, 7, 0, 
21, 12, 0, 
21, 14, 0, 
21, 16, 0, 
21, 18, 0, 
21, 20, 0, 
21, 27, 4, 
21, 28, 0, 
21, 29, 0, 
21, 30, 0, 
21, 31, 0, 
21, 32, 0, 
21, 33, 6, 
21, 34, 0, 
21, 35, 0, 
21, 36, 0, 
21, 37, 0, 
21, 38, 0, 
21, 46, 0, 
21, 48, 0, 
21, 50, 0, 
21, 52, 0, 
21, 54, 0, 
21, 56, 0, 
21, 57, 0, 
21, 58, 0, 
21, 59, 0, 
21, 60, 0, 
21, 61, 0, 
21, 62, 0, 
21, 68, 0, 
21, 69, 0, 
21, 70, 0, 
21, 71, 0, 
21, 72, 0, 
21, 78, 0, 
22, 0, 0, 
22, 4, 0, 
22, 7, 0, 
22, 14, 0, 
22, 16, 0, 
22, 18, 0, 
22, 20, 0, 
22, 28, 2, 
22, 29, 0, 
22, 30, 0, 
22, 31, 0, 
22, 32, 0, 
22, 34, 0, 
22, 35, 0, 
22, 36, 0, 
22, 37, 0, 
22, 38, 0, 
22, 48, 0, 
22, 50, 0, 
22, 52, 0, 
22, 54, 0, 
22, 56, 0, 
22, 58, 0, 
22, 59, 0, 
22, 60, 0, 
22, 61, 0, 
22, 62, 0, 
22, 69, 0, 
22, 70, 0, 
22, 71, 0, 
22, 72, 0, 
22, 78, 1, 
23, 0, 0, 
23, 4, 0, 
23, 7, 0, 
23, 16, 0, 
23, 18, 0, 
23, 20, 0, 
23, 29, 8, 
23, 30, 0, 
23, 31, 0, 
23, 32, 0, 
23, 35, 3, 
23, 36, 0, 
23, 37, 0, 
23, 38, 0, 
23, 50, 0, 
23, 52, 0, 
23, 54, 0, 
23, 56, 0, 
23, 59, 0, 
23, 60, 0, 
23, 61, 0, 
23, 62, 0, 
23, 70, 0, 
23, 71, 0, 
23, 72, 0, 
23, 78, 3, 
24, 0, 0, 
24, 4, 0, 
24, 7, 0, 
24, 18, 0, 
24, 20, 0, 
24, 30, 2, 
24, 31, 0, 
24, 32, 0, 
24, 36, 3, 
24, 37, 0, 
24, 38, 0, 
24, 52, 0, 
24, 54, 0, 
24, 56, 0, 
24, 60, 0, 
24, 61, 0, 
24, 62, 0, 
24, 71, 0, 
24, 72, 0, 
24, 78, 4, 
25, 0, 0, 
25, 4, 0, 
25, 7, 0, 
25, 20, 0, 
25, 31, 0, 
25, 32, 0, 
25, 37, 1, 
25, 38, 0, 
25, 54, 0, 
25, 56, 0, 
25, 61, 0, 
25, 62, 0, 
25, 72, 0, 
25, 78, 3, 
26, 0, 0, 
26, 4, 0, 
26, 7, 0, 
26, 32, 0, 
26, 38, 0, 
26, 56, 0, 
26, 62, 0, 
26, 78, 2, 
27, 0, 0, 
27, 1, 0, 
27, 2, 0, 
27, 3, 0, 
27, 7, 0, 
27, 8, 0, 
27, 22, 0, 
27, 23, 0, 
27, 24, 0, 
27, 25, 0, 
27, 26, 0, 
27, 33, 26, 
27, 34, 0, 
27, 35, 0, 
27, 36, 0, 
27, 37, 0, 
27, 38, 0, 
27, 46, 0, 
27, 48, 0, 
27, 50, 0, 
27, 52, 0, 
27, 54, 0, 
27, 56, 0, 
27, 63, 0, 
27, 64, 0, 
27, 65, 0, 
27, 66, 0, 
27, 67, 0, 
27, 78, 0, 
28, 0, 0, 
28, 1, 0, 
28, 2, 1, 
28, 3, 0, 
28, 7, 0, 
28, 8, 0, 
28, 23, 0, 
28, 24, 0, 
28, 25, 0, 
28, 26, 0, 
28, 34, 1, 
28, 35, 0, 
28, 36, 0, 
28, 37, 0, 
28, 38, 0, 
28, 48, 0, 
28, 50, 0, 
28, 52, 0, 
28, 54, 0, 
28, 56, 0, 
28, 64, 0, 
28, 65, 0, 
28, 66, 0, 
28, 67, 0, 
28, 78, 0, 
29, 0, 0, 
29, 1, 0, 
29, 2, 3, 
29, 3, 0, 
29, 7, 0, 
29, 8, 0, 
29, 24, 0, 
29, 25, 0, 
29, 26, 0, 
29, 35, 5, 
29, 36, 0, 
29, 37, 0, 
29, 38, 0, 
29, 50, 0, 
29, 52, 0, 
29, 54, 0, 
29, 56, 0, 
29, 65, 0, 
29, 66, 0, 
29, 67, 0, 
29, 78, 0, 
30, 0, 0, 
30, 1, 0, 
30, 2, 0, 
30, 3, 0, 
30, 7, 0, 
30, 8, 0, 
30, 25, 0, 
30, 26, 0, 
30, 36, 2, 
30, 37, 0, 
30, 38, 0, 
30, 52, 0, 
30, 54, 0, 
30, 56, 0, 
30, 66, 0, 
30, 67, 0, 
30, 78, 0, 
31, 0, 0, 
31, 1, 0, 
31, 2, 0, 
31, 3, 0, 
31, 7, 0, 
31, 8, 0, 
31, 26, 0, 
31, 37, 0, 
31, 38, 0, 
31, 54, 0, 
31, 56, 0, 
31, 67, 0, 
31, 78, 0, 
32, 0, 0, 
32, 1, 0, 
32, 2, 0, 
32, 3, 0, 
32, 7, 0, 
32, 8, 0, 
32, 38, 0, 
32, 56, 0, 
32, 78, 0, 
33, 1, 9, 
33, 2, 9, 
33, 3, 5, 
33, 8, 2, 
33, 22, 0, 
33, 23, 0, 
33, 24, 0, 
33, 25, 0, 
33, 26, 0, 
33, 28, 0, 
33, 29, 0, 
33, 30, 0, 
33, 31, 0, 
33, 32, 0, 
33, 39, 7, 
33, 40, 0, 
33, 41, 0, 
33, 42, 0, 
33, 43, 0, 
33, 44, 0, 
33, 47, 0, 
33, 49, 0, 
33, 51, 0, 
33, 53, 0, 
33, 55, 0, 
33, 57, 0, 
33, 58, 0, 
33, 59, 0, 
33, 60, 0, 
33, 61, 0, 
33, 62, 0, 
33, 63, 0, 
33, 64, 0, 
33, 65, 0, 
33, 66, 0, 
33, 67, 0, 
34, 1, 1, 
34, 2, 0, 
34, 3, 0, 
34, 8, 0, 
34, 23, 0, 
34, 24, 0, 
34, 25, 0, 
34, 26, 0, 
34, 29, 0, 
34, 30, 0, 
34, 31, 0, 
34, 32, 0, 
34, 40, 0, 
34, 41, 0, 
34, 42, 0, 
34, 43, 0, 
34, 44, 0, 
34, 49, 0, 
34, 51, 0, 
34, 53, 0, 
34, 55, 0, 
34, 58, 0, 
34, 59, 0, 
34, 60, 0, 
34, 61, 0, 
34, 62, 0, 
34, 64, 0, 
34, 65, 0, 
34, 66, 0, 
34, 67, 0, 
35, 1, 1, 
35, 2, 0, 
35, 3, 2, 
35, 8, 2, 
35, 24, 0, 
35, 25, 0, 
35, 26, 0, 
35, 30, 0, 
35, 31, 0, 
35, 32, 0, 
35, 41, 3, 
35, 42, 0, 
35, 43, 0, 
35, 44, 0, 
35, 51, 0, 
35, 53, 0, 
35, 55, 0, 
35, 59, 0, 
35, 60, 0, 
35, 61, 0, 
35, 62, 0, 
35, 65, 0, 
35, 66, 0, 
35, 67, 0, 
36, 1, 0, 
36, 2, 0, 
36, 3, 0, 
36, 8, 0, 
36, 25, 0, 
36, 26, 0, 
36, 31, 0, 
36, 32, 0, 
36, 42, 5, 
36, 43, 0, 
36, 44, 0, 
36, 53, 0, 
36, 55, 0, 
36, 60, 0, 
36, 61, 0, 
36, 62, 0, 
36, 66, 0, 
36, 67, 0, 
37, 1, 0, 
37, 2, 0, 
37, 3, 0, 
37, 8, 0, 
37, 26, 0, 
37, 32, 0, 
37, 43, 1, 
37, 44, 0, 
37, 55, 0, 
37, 61, 0, 
37, 62, 0, 
37, 67, 0, 
38, 1, 0, 
38, 2, 0, 
38, 3, 0, 
38, 8, 0, 
38, 44, 0, 
38, 62, 0, 
39, 1, 1, 
39, 2, 0, 
39, 3, 0, 
39, 8, 6, 
39, 34, 0, 
39, 35, 0, 
39, 36, 0, 
39, 37, 0, 
39, 38, 0, 
39, 48, 0, 
39, 50, 0, 
39, 52, 0, 
39, 54, 0, 
39, 56, 0, 
40, 1, 0, 
40, 2, 0, 
40, 3, 0, 
40, 8, 0, 
40, 35, 0, 
40, 36, 0, 
40, 37, 0, 
40, 38, 0, 
40, 50, 0, 
40, 52, 0, 
40, 54, 0, 
40, 56, 0, 
41, 1, 0, 
41, 2, 0, 
41, 3, 0, 
41, 8, 3, 
41, 36, 0, 
41, 37, 0, 
41, 38, 0, 
41, 52, 0, 
41, 54, 0, 
41, 56, 0, 
42, 1, 0, 
42, 2, 0, 
42, 3, 1, 
42, 8, 4, 
42, 37, 0, 
42, 38, 0, 
42, 54, 0, 
42, 56, 0, 
43, 1, 0, 
43, 2, 0, 
43, 3, 0, 
43, 8, 1, 
43, 38, 0, 
43, 56, 0, 
44, 1, 0, 
44, 2, 0, 
44, 3, 0, 
44, 8, 0, 
45, 1, 0, 
45, 2, 0, 
45, 3, 0, 
45, 8, 0, 
45, 33, 0, 
45, 34, 0, 
45, 35, 0, 
45, 36, 0, 
45, 37, 0, 
45, 38, 0, 
45, 46, 0, 
45, 48, 0, 
45, 50, 0, 
45, 52, 0, 
45, 54, 0, 
45, 56, 0, 
46, 1, 0, 
46, 2, 0, 
46, 3, 0, 
46, 8, 0, 
46, 22, 0, 
46, 23, 0, 
46, 24, 0, 
46, 25, 0, 
46, 26, 0, 
46, 28, 0, 
46, 29, 0, 
46, 30, 0, 
46, 31, 0, 
46, 32, 0, 
46, 39, 0, 
46, 40, 0, 
46, 41, 0, 
46, 42, 0, 
46, 43, 0, 
46, 44, 0, 
46, 47, 0, 
46, 49, 0, 
46, 51, 0, 
46, 53, 0, 
46, 55, 0, 
46, 57, 14, 
46, 58, 0, 
46, 59, 0, 
46, 60, 0, 
46, 61, 0, 
46, 62, 0, 
46, 63, 0, 
46, 64, 0, 
46, 65, 0, 
46, 66, 0, 
46, 67, 0, 
47, 1, 0, 
47, 2, 0, 
47, 3, 0, 
47, 8, 0, 
47, 34, 0, 
47, 35, 0, 
47, 36, 0, 
47, 37, 0, 
47, 38, 0, 
47, 48, 3, 
47, 50, 0, 
47, 52, 0, 
47, 54, 0, 
47, 56, 0, 
48, 1, 0, 
48, 2, 2, 
48, 3, 0, 
48, 8, 0, 
48, 23, 0, 
48, 24, 0, 
48, 25, 0, 
48, 26, 0, 
48, 29, 0, 
48, 30, 0, 
48, 31, 0, 
48, 32, 0, 
48, 40, 0, 
48, 41, 0, 
48, 42, 0, 
48, 43, 0, 
48, 44, 0, 
48, 49, 0, 
48, 51, 0, 
48, 53, 0, 
48, 55, 0, 
48, 58, 10, 
48, 59, 0, 
48, 60, 0, 
48, 61, 0, 
48, 62, 0, 
48, 64, 0, 
48, 65, 0, 
48, 66, 0, 
48, 67, 0, 
49, 1, 0, 
49, 2, 0, 
49, 3, 0, 
49, 8, 0, 
49, 35, 0, 
49, 36, 0, 
49, 37, 0, 
49, 38, 0, 
49, 50, 0, 
49, 52, 0, 
49, 54, 0, 
49, 56, 0, 
50, 1, 0, 
50, 2, 0, 
50, 3, 0, 
50, 8, 0, 
50, 24, 0, 
50, 25, 0, 
50, 26, 0, 
50, 30, 0, 
50, 31, 0, 
50, 32, 0, 
50, 41, 0, 
50, 42, 0, 
50, 43, 0, 
50, 44, 0, 
50, 51, 0, 
50, 53, 0, 
50, 55, 0, 
50, 59, 6, 
50, 60, 0, 
50, 61, 0, 
50, 62, 0, 
50, 65, 0, 
50, 66, 0, 
50, 67, 0, 
51, 1, 0, 
51, 2, 0, 
51, 3, 0, 
51, 8, 0, 
51, 36, 0, 
51, 37, 0, 
51, 38, 0, 
51, 52, 2, 
51, 54, 0, 
51, 56, 0, 
52, 1, 0, 
52, 2, 2, 
52, 3, 0, 
52, 8, 0, 
52, 25, 0, 
52, 26, 0, 
52, 31, 0, 
52, 32, 0, 
52, 42, 0, 
52, 43, 0, 
52, 44, 0, 
52, 53, 0, 
52, 55, 0, 
52, 60, 3, 
52, 61, 0, 
52, 62, 0, 
52, 66, 0, 
52, 67, 0, 
53, 1, 0, 
53, 2, 0, 
53, 3, 0, 
53, 8, 0, 
53, 37, 0, 
53, 38, 0, 
53, 54, 2, 
53, 56, 0, 
54, 1, 0, 
54, 2, 0, 
54, 3, 0, 
54, 8, 0, 
54, 26, 0, 
54, 32, 0, 
54, 43, 0, 
54, 44, 0, 
54, 55, 0, 
54, 61, 5, 
54, 62, 0, 
54, 67, 0, 
55, 1, 0, 
55, 2, 0, 
55, 3, 0, 
55, 8, 0, 
55, 38, 0, 
55, 56, 0, 
56, 1, 0, 
56, 2, 0, 
56, 3, 0, 
56, 8, 0, 
56, 44, 0, 
56, 62, 1, 
57, 0, 0, 
57, 1, 0, 
57, 2, 0, 
57, 3, 0, 
57, 7, 1, 
57, 8, 0, 
57, 22, 0, 
57, 23, 0, 
57, 24, 0, 
57, 25, 0, 
57, 26, 0, 
57, 34, 0, 
57, 35, 0, 
57, 36, 0, 
57, 37, 0, 
57, 38, 0, 
57, 48, 0, 
57, 50, 0, 
57, 52, 0, 
57, 54, 0, 
57, 56, 0, 
57, 63, 21, 
57, 64, 0, 
57, 65, 0, 
57, 66, 0, 
57, 67, 0, 
57, 78, 0, 
58, 0, 0, 
58, 1, 0, 
58, 2, 0, 
58, 3, 0, 
58, 7, 1, 
58, 8, 0, 
58, 23, 0, 
58, 24, 0, 
58, 25, 0, 
58, 26, 0, 
58, 35, 0, 
58, 36, 0, 
58, 37, 0, 
58, 38, 0, 
58, 50, 0, 
58, 52, 0, 
58, 54, 0, 
58, 56, 0, 
58, 64, 11, 
58, 65, 0, 
58, 66, 0, 
58, 67, 0, 
58, 78, 0, 
59, 0, 0, 
59, 1, 0, 
59, 2, 0, 
59, 3, 0, 
59, 7, 1, 
59, 8, 0, 
59, 24, 0, 
59, 25, 0, 
59, 26, 0, 
59, 36, 0, 
59, 37, 0, 
59, 38, 0, 
59, 52, 0, 
59, 54, 0, 
59, 56, 0, 
59, 65, 5, 
59, 66, 0, 
59, 67, 0, 
59, 78, 0, 
60, 0, 0, 
60, 1, 0, 
60, 2, 0, 
60, 3, 0, 
60, 7, 1, 
60, 8, 0, 
60, 25, 0, 
60, 26, 0, 
60, 37, 0, 
60, 38, 0, 
60, 54, 0, 
60, 56, 0, 
60, 66, 4, 
60, 67, 0, 
60, 78, 0, 
61, 0, 0, 
61, 1, 0, 
61, 2, 0, 
61, 3, 0, 
61, 7, 1, 
61, 8, 0, 
61, 26, 0, 
61, 38, 0, 
61, 56, 0, 
61, 67, 4, 
61, 78, 0, 
62, 0, 0, 
62, 1, 0, 
62, 2, 0, 
62, 3, 0, 
62, 7, 1, 
62, 8, 0, 
62, 78, 0, 
63, 0, 0, 
63, 4, 0, 
63, 7, 4, 
63, 12, 0, 
63, 14, 0, 
63, 16, 0, 
63, 18, 0, 
63, 20, 0, 
63, 28, 0, 
63, 29, 0, 
63, 30, 0, 
63, 31, 0, 
63, 32, 0, 
63, 34, 0, 
63, 35, 0, 
63, 36, 0, 
63, 37, 0, 
63, 38, 0, 
63, 48, 0, 
63, 50, 0, 
63, 52, 0, 
63, 54, 0, 
63, 56, 0, 
63, 58, 0, 
63, 59, 0, 
63, 60, 0, 
63, 61, 0, 
63, 62, 0, 
63, 68, 17, 
63, 69, 0, 
63, 70, 0, 
63, 71, 0, 
63, 72, 0, 
63, 78, 0, 
64, 0, 0, 
64, 4, 0, 
64, 7, 3, 
64, 14, 0, 
64, 16, 0, 
64, 18, 0, 
64, 20, 0, 
64, 29, 0, 
64, 30, 0, 
64, 31, 0, 
64, 32, 0, 
64, 35, 0, 
64, 36, 0, 
64, 37, 0, 
64, 38, 0, 
64, 50, 0, 
64, 52, 0, 
64, 54, 0, 
64, 56, 0, 
64, 59, 0, 
64, 60, 0, 
64, 61, 0, 
64, 62, 0, 
64, 69, 8, 
64, 70, 0, 
64, 71, 0, 
64, 72, 0, 
64, 78, 0, 
65, 0, 0, 
65, 4, 0, 
65, 7, 1, 
65, 16, 0, 
65, 18, 0, 
65, 20, 0, 
65, 30, 0, 
65, 31, 0, 
65, 32, 0, 
65, 36, 0, 
65, 37, 0, 
65, 38, 0, 
65, 52, 0, 
65, 54, 0, 
65, 56, 0, 
65, 60, 0, 
65, 61, 0, 
65, 62, 0, 
65, 70, 4, 
65, 71, 0, 
65, 72, 0, 
65, 78, 0, 
66, 0, 0, 
66, 4, 0, 
66, 7, 2, 
66, 18, 0, 
66, 20, 0, 
66, 31, 0, 
66, 32, 0, 
66, 37, 0, 
66, 38, 0, 
66, 54, 0, 
66, 56, 0, 
66, 61, 0, 
66, 62, 0, 
66, 71, 2, 
66, 72, 0, 
66, 78, 0, 
67, 0, 0, 
67, 4, 0, 
67, 7, 3, 
67, 20, 0, 
67, 32, 0, 
67, 38, 0, 
67, 56, 0, 
67, 62, 0, 
67, 72, 0, 
67, 78, 1, 
68, 0, 0, 
68, 4, 0, 
68, 5, 1, 
68, 6, 0, 
68, 7, 0, 
68, 13, 0, 
68, 15, 0, 
68, 17, 0, 
68, 19, 0, 
68, 22, 0, 
68, 23, 0, 
68, 24, 0, 
68, 25, 0, 
68, 26, 0, 
68, 64, 0, 
68, 65, 0, 
68, 66, 0, 
68, 67, 0, 
68, 73, 16, 
68, 74, 0, 
68, 75, 0, 
68, 76, 0, 
68, 77, 0, 
68, 78, 0, 
69, 0, 0, 
69, 4, 0, 
69, 5, 3, 
69, 6, 0, 
69, 7, 0, 
69, 15, 0, 
69, 17, 0, 
69, 19, 0, 
69, 23, 0, 
69, 24, 0, 
69, 25, 0, 
69, 26, 0, 
69, 65, 0, 
69, 66, 0, 
69, 67, 0, 
69, 74, 5, 
69, 75, 0, 
69, 76, 0, 
69, 77, 0, 
69, 78, 0, 
70, 0, 0, 
70, 4, 0, 
70, 5, 0, 
70, 6, 0, 
70, 7, 0, 
70, 17, 0, 
70, 19, 0, 
70, 24, 0, 
70, 25, 0, 
70, 26, 0, 
70, 66, 0, 
70, 67, 0, 
70, 75, 4, 
70, 76, 0, 
70, 77, 0, 
70, 78, 0, 
71, 0, 0, 
71, 4, 0, 
71, 5, 0, 
71, 6, 0, 
71, 7, 0, 
71, 19, 0, 
71, 25, 0, 
71, 26, 0, 
71, 67, 0, 
71, 76, 2, 
71, 77, 0, 
71, 78, 0, 
72, 0, 0, 
72, 4, 0, 
72, 5, 0, 
72, 6, 0, 
72, 7, 0, 
72, 26, 0, 
72, 77, 0, 
72, 78, 0, 
73, 0, 0, 
73, 4, 0, 
73, 5, 8, 
73, 6, 8, 
73, 7, 0, 
73, 14, 0, 
73, 16, 0, 
73, 18, 0, 
73, 20, 0, 
73, 69, 0, 
73, 70, 0, 
73, 71, 0, 
73, 72, 0, 
73, 78, 0, 
74, 0, 0, 
74, 4, 0, 
74, 5, 1, 
74, 6, 4, 
74, 7, 0, 
74, 16, 0, 
74, 18, 0, 
74, 20, 0, 
74, 70, 0, 
74, 71, 0, 
74, 72, 0, 
74, 78, 0, 
75, 0, 0, 
75, 4, 0, 
75, 5, 1, 
75, 6, 3, 
75, 7, 0, 
75, 18, 0, 
75, 20, 0, 
75, 71, 0, 
75, 72, 0, 
75, 78, 0, 
76, 0, 0, 
76, 4, 0, 
76, 5, 0, 
76, 6, 2, 
76, 7, 0, 
76, 20, 0, 
76, 72, 0, 
76, 78, 0, 
77, 0, 0, 
77, 4, 0, 
77, 5, 0, 
77, 6, 0, 
77, 7, 0, 
77, 78, 0, 
78, 4, 0, 
78, 7, 0, 
78, 9, 0, 
78, 10, 0, 
78, 11, 0, 
78, 12, 0, 
78, 13, 0, 
78, 14, 0, 
78, 15, 0, 
78, 16, 0, 
78, 17, 0, 
78, 18, 0, 
78, 19, 0, 
78, 20, 0, 
78, 21, 0, 
78, 22, 0, 
78, 23, 0, 
78, 24, 0, 
78, 25, 0, 
78, 26, 0, 
78, 27, 0, 
78, 28, 0, 
78, 29, 0, 
78, 30, 0, 
78, 31, 0, 
78, 32, 0, 
78, 57, 0, 
78, 58, 0, 
78, 59, 0, 
78, 60, 0, 
78, 61, 0, 
78, 62, 0, 
78, 63, 0, 
78, 64, 0, 
78, 65, 0, 
78, 66, 0, 
78, 67, 0, 
78, 68, 0, 
78, 69, 0, 
78, 70, 0, 
78, 71, 0, 
78, 72, 0, 
78, 73, 0, 
78, 74, 0, 
78, 75, 0, 
78, 76, 0, 
78, 77, 0, 

