0, 10, 0, 
0, 11, 0, 
0, 14, 0, 
0, 39, 0, 
0, 40, 0, 
0, 41, 0, 
0, 42, 0, 
0, 43, 0, 
0, 44, 0, 
0, 45, 0, 
0, 46, 0, 
0, 47, 103, 
0, 48, 0, 
0, 49, 0, 
0, 50, 0, 
0, 51, 0, 
0, 52, 0, 
0, 53, 0, 
0, 54, 0, 
0, 78, 0, 
0, 80, 0, 
0, 82, 0, 
0, 84, 0, 
0, 86, 0, 
0, 88, 0, 
0, 90, 0, 
0, 92, 0, 
0, 93, 0, 
0, 94, 0, 
0, 95, 0, 
0, 96, 0, 
0, 97, 0, 
0, 98, 0, 
0, 99, 0, 
0, 100, 0, 
0, 101, 0, 
0, 102, 0, 
0, 103, 0, 
0, 104, 0, 
0, 105, 0, 
0, 106, 0, 
0, 107, 0, 
0, 108, 0, 
0, 109, 0, 
0, 110, 0, 
0, 111, 0, 
0, 112, 0, 
0, 113, 0, 
0, 114, 0, 
0, 115, 0, 
0, 116, 0, 
0, 149, 0, 
0, 150, 0, 
0, 151, 0, 
0, 152, 0, 
0, 153, 0, 
0, 154, 0, 
0, 155, 0, 
0, 156, 0, 
0, 157, 0, 
0, 158, 0, 
0, 159, 0, 
0, 160, 0, 
0, 161, 0, 
0, 162, 0, 
0, 185, 0, 
0, 187, 0, 
0, 189, 0, 
0, 191, 0, 
0, 193, 0, 
0, 195, 0, 
0, 197, 0, 
0, 199, 0, 
0, 200, 0, 
0, 201, 0, 
0, 202, 0, 
0, 203, 0, 
0, 204, 0, 
0, 205, 0, 
0, 206, 0, 
0, 207, 0, 
0, 208, 17, 
0, 209, 0, 
0, 210, 0, 
0, 211, 0, 
0, 212, 0, 
0, 213, 0, 
0, 214, 0, 
0, 215, 30, 
0, 216, 0, 
0, 217, 0, 
0, 218, 0, 
0, 219, 0, 
0, 220, 0, 
0, 221, 0, 
1, 3, 0, 
1, 5, 0, 
1, 9, 0, 
1, 13, 0, 
1, 15, 0, 
1, 16, 0, 
1, 17, 0, 
1, 18, 0, 
1, 19, 0, 
1, 20, 15, 
1, 21, 1, 
1, 22, 0, 
1, 23, 0, 
1, 24, 10, 
1, 25, 0, 
1, 26, 3, 
1, 27, 0, 
1, 28, 2, 
1, 29, 0, 
1, 30, 0, 
1, 31, 0, 
1, 32, 0, 
1, 33, 0, 
1, 34, 20, 
1, 35, 0, 
1, 36, 2, 
1, 37, 0, 
1, 38, 0, 
1, 77, 0, 
1, 79, 0, 
1, 81, 0, 
1, 83, 0, 
1, 85, 0, 
1, 87, 0, 
1, 89, 0, 
1, 91, 0, 
1, 163, 0, 
1, 164, 0, 
1, 165, 0, 
1, 166, 0, 
1, 167, 0, 
1, 168, 0, 
1, 169, 0, 
1, 170, 0, 
1, 171, 0, 
1, 172, 0, 
1, 173, 0, 
1, 174, 0, 
1, 175, 0, 
1, 176, 0, 
1, 177, 0, 
1, 178, 0, 
1, 179, 0, 
1, 180, 0, 
1, 181, 0, 
1, 182, 0, 
1, 183, 0, 
1, 222, 0, 
1, 223, 0, 
1, 224, 0, 
1, 225, 0, 
1, 226, 0, 
1, 227, 0, 
1, 228, 0, 
2, 4, 0, 
2, 6, 0, 
2, 7, 0, 
2, 8, 0, 
2, 12, 0, 
2, 47, 0, 
2, 48, 0, 
2, 49, 0, 
2, 50, 0, 
2, 51, 0, 
2, 52, 0, 
2, 53, 0, 
2, 54, 0, 
2, 55, 0, 
2, 56, 0, 
2, 57, 0, 
2, 58, 0, 
2, 59, 0, 
2, 60, 0, 
2, 61, 0, 
2, 62, 0, 
2, 63, 0, 
2, 64, 0, 
2, 65, 0, 
2, 66, 0, 
2, 67, 0, 
2, 68, 0, 
2, 69, 0, 
2, 70, 0, 
2, 71, 0, 
2, 72, 0, 
2, 73, 0, 
2, 74, 0, 
2, 75, 0, 
2, 76, 0, 
2, 125, 0, 
2, 126, 0, 
2, 127, 0, 
2, 128, 1, 
2, 129, 0, 
2, 130, 0, 
2, 131, 0, 
2, 132, 0, 
2, 133, 0, 
2, 134, 0, 
2, 135, 0, 
2, 136, 0, 
2, 137, 0, 
2, 138, 0, 
2, 139, 0, 
2, 140, 0, 
2, 141, 0, 
2, 142, 34, 
2, 143, 0, 
2, 144, 13, 
2, 145, 0, 
2, 146, 0, 
2, 147, 0, 
2, 148, 0, 
2, 149, 0, 
2, 150, 0, 
2, 151, 0, 
2, 152, 0, 
2, 153, 0, 
2, 154, 0, 
2, 155, 0, 
3, 1, 0, 
3, 5, 0, 
3, 9, 0, 
3, 11, 0, 
3, 13, 0, 
3, 15, 0, 
3, 16, 0, 
3, 17, 0, 
3, 18, 0, 
3, 19, 0, 
3, 20, 0, 
3, 21, 0, 
3, 22, 0, 
3, 23, 0, 
3, 24, 0, 
3, 25, 0, 
3, 26, 0, 
3, 27, 0, 
3, 28, 0, 
3, 29, 0, 
3, 30, 0, 
3, 31, 0, 
3, 32, 0, 
3, 33, 0, 
3, 34, 0, 
3, 35, 0, 
3, 36, 0, 
3, 37, 0, 
3, 38, 0, 
3, 39, 0, 
3, 40, 0, 
3, 41, 0, 
3, 42, 0, 
3, 43, 0, 
3, 44, 0, 
3, 45, 0, 
3, 46, 0, 
3, 77, 0, 
3, 78, 0, 
3, 79, 0, 
3, 80, 0, 
3, 81, 2, 
3, 82, 0, 
3, 83, 8, 
3, 84, 0, 
3, 85, 6, 
3, 86, 0, 
3, 87, 4, 
3, 88, 0, 
3, 89, 9, 
3, 90, 0, 
3, 91, 8, 
3, 92, 0, 
3, 156, 0, 
3, 157, 0, 
3, 158, 0, 
3, 159, 0, 
3, 160, 0, 
3, 161, 0, 
3, 162, 0, 
3, 163, 0, 
3, 164, 0, 
3, 165, 0, 
3, 166, 0, 
3, 167, 0, 
3, 168, 0, 
3, 169, 0, 
3, 170, 0, 
3, 171, 0, 
3, 172, 0, 
3, 173, 0, 
3, 174, 0, 
3, 175, 0, 
3, 176, 0, 
3, 177, 0, 
3, 178, 0, 
3, 179, 0, 
3, 180, 0, 
3, 181, 0, 
3, 182, 0, 
3, 183, 0, 
3, 215, 0, 
3, 216, 0, 
3, 217, 0, 
3, 218, 0, 
3, 219, 0, 
3, 220, 0, 
3, 221, 0, 
3, 222, 0, 
3, 223, 0, 
3, 224, 0, 
3, 225, 0, 
3, 226, 0, 
3, 227, 0, 
3, 228, 0, 
4, 2, 0, 
4, 6, 0, 
4, 7, 0, 
4, 12, 0, 
4, 55, 0, 
4, 56, 0, 
4, 57, 0, 
4, 58, 0, 
4, 59, 0, 
4, 60, 0, 
4, 61, 0, 
4, 62, 0, 
4, 63, 0, 
4, 64, 0, 
4, 65, 0, 
4, 66, 0, 
4, 67, 0, 
4, 68, 0, 
4, 69, 0, 
4, 70, 0, 
4, 71, 0, 
4, 72, 0, 
4, 73, 0, 
4, 74, 0, 
4, 75, 0, 
4, 76, 0, 
4, 125, 0, 
4, 126, 0, 
4, 127, 1, 
4, 128, 7, 
4, 129, 0, 
4, 130, 0, 
4, 131, 0, 
4, 132, 20, 
4, 133, 0, 
4, 134, 29, 
4, 135, 0, 
4, 136, 21, 
4, 137, 0, 
4, 138, 3, 
4, 139, 0, 
4, 140, 0, 
4, 141, 0, 
4, 142, 0, 
4, 143, 0, 
4, 144, 0, 
4, 145, 0, 
4, 146, 0, 
4, 147, 0, 
4, 148, 0, 
5, 1, 0, 
5, 3, 0, 
5, 9, 0, 
5, 13, 0, 
5, 15, 0, 
5, 16, 0, 
5, 17, 0, 
5, 18, 0, 
5, 19, 0, 
5, 20, 0, 
5, 21, 0, 
5, 22, 0, 
5, 23, 0, 
5, 24, 0, 
5, 25, 0, 
5, 26, 0, 
5, 27, 0, 
5, 28, 0, 
5, 29, 0, 
5, 30, 0, 
5, 31, 0, 
5, 32, 0, 
5, 33, 29, 
5, 34, 14, 
5, 35, 16, 
5, 36, 2, 
5, 37, 0, 
5, 38, 0, 
5, 39, 0, 
5, 40, 0, 
5, 41, 0, 
5, 42, 0, 
5, 43, 0, 
5, 44, 0, 
5, 45, 0, 
5, 46, 0, 
5, 77, 0, 
5, 79, 0, 
5, 81, 0, 
5, 83, 0, 
5, 85, 0, 
5, 87, 0, 
5, 89, 0, 
5, 91, 0, 
5, 156, 0, 
5, 157, 0, 
5, 158, 0, 
5, 159, 0, 
5, 160, 0, 
5, 161, 0, 
5, 162, 0, 
5, 163, 0, 
5, 164, 0, 
5, 165, 0, 
5, 166, 0, 
5, 167, 0, 
5, 168, 0, 
5, 169, 0, 
5, 170, 0, 
5, 171, 0, 
5, 172, 0, 
5, 173, 0, 
5, 174, 0, 
5, 175, 0, 
5, 176, 0, 
5, 177, 0, 
5, 178, 0, 
5, 179, 0, 
5, 180, 0, 
5, 181, 0, 
5, 182, 0, 
5, 183, 0, 
5, 222, 0, 
5, 223, 0, 
5, 224, 0, 
5, 225, 0, 
5, 226, 0, 
5, 227, 0, 
5, 228, 0, 
6, 2, 0, 
6, 4, 0, 
6, 7, 0, 
6, 8, 0, 
6, 12, 0, 
6, 47, 0, 
6, 48, 0, 
6, 49, 0, 
6, 50, 0, 
6, 51, 0, 
6, 52, 0, 
6, 53, 0, 
6, 54, 0, 
6, 55, 0, 
6, 56, 0, 
6, 57, 0, 
6, 58, 0, 
6, 59, 0, 
6, 60, 0, 
6, 61, 0, 
6, 62, 0, 
6, 63, 0, 
6, 64, 0, 
6, 65, 0, 
6, 66, 0, 
6, 67, 0, 
6, 68, 0, 
6, 69, 0, 
6, 70, 0, 
6, 71, 0, 
6, 72, 0, 
6, 73, 0, 
6, 74, 0, 
6, 75, 0, 
6, 76, 0, 
6, 125, 0, 
6, 126, 0, 
6, 127, 0, 
6, 128, 0, 
6, 129, 0, 
6, 130, 0, 
6, 131, 0, 
6, 132, 0, 
6, 133, 0, 
6, 134, 2, 
6, 135, 0, 
6, 136, 1, 
6, 137, 0, 
6, 138, 0, 
6, 139, 0, 
6, 140, 0, 
6, 141, 0, 
6, 142, 41, 
6, 143, 0, 
6, 144, 2, 
6, 145, 3, 
6, 146, 0, 
6, 147, 0, 
6, 148, 0, 
6, 149, 0, 
6, 150, 0, 
6, 151, 0, 
6, 152, 0, 
6, 153, 0, 
6, 154, 0, 
6, 155, 0, 
7, 2, 0, 
7, 4, 0, 
7, 6, 0, 
7, 8, 0, 
7, 12, 0, 
7, 55, 0, 
7, 56, 0, 
7, 57, 0, 
7, 58, 0, 
7, 59, 0, 
7, 60, 0, 
7, 61, 0, 
7, 62, 0, 
7, 63, 0, 
7, 64, 0, 
7, 65, 0, 
7, 66, 0, 
7, 67, 0, 
7, 68, 0, 
7, 69, 0, 
7, 70, 0, 
7, 71, 0, 
7, 72, 0, 
7, 73, 0, 
7, 74, 0, 
7, 75, 0, 
7, 76, 0, 
7, 125, 0, 
7, 126, 0, 
7, 127, 0, 
7, 128, 19, 
7, 129, 0, 
7, 130, 0, 
7, 131, 0, 
7, 132, 8, 
7, 133, 0, 
7, 134, 5, 
7, 135, 0, 
7, 136, 2, 
7, 137, 0, 
7, 138, 0, 
7, 139, 0, 
7, 140, 0, 
7, 141, 0, 
7, 142, 0, 
7, 143, 0, 
7, 144, 0, 
7, 145, 5, 
7, 146, 1, 
7, 147, 0, 
7, 148, 0, 
8, 2, 0, 
8, 6, 3, 
8, 7, 0, 
8, 47, 0, 
8, 48, 0, 
8, 49, 0, 
8, 50, 0, 
8, 51, 0, 
8, 52, 0, 
8, 53, 0, 
8, 54, 0, 
8, 55, 0, 
8, 56, 0, 
8, 57, 8, 
8, 58, 17, 
8, 59, 8, 
8, 60, 1, 
8, 61, 0, 
8, 62, 0, 
8, 63, 0, 
8, 64, 0, 
8, 65, 0, 
8, 66, 0, 
8, 67, 0, 
8, 68, 0, 
8, 69, 0, 
8, 126, 0, 
8, 128, 0, 
8, 130, 0, 
8, 132, 0, 
8, 134, 0, 
8, 136, 0, 
8, 138, 0, 
8, 140, 0, 
8, 141, 0, 
8, 142, 0, 
8, 143, 7, 
8, 144, 2, 
8, 145, 1, 
8, 146, 4, 
8, 147, 1, 
8, 148, 0, 
8, 149, 0, 
8, 150, 0, 
8, 151, 0, 
8, 152, 0, 
8, 153, 0, 
8, 154, 0, 
8, 155, 1, 
9, 1, 0, 
9, 3, 5, 
9, 5, 10, 
9, 11, 0, 
9, 13, 0, 
9, 14, 0, 
9, 15, 0, 
9, 16, 0, 
9, 17, 0, 
9, 18, 0, 
9, 19, 0, 
9, 20, 0, 
9, 21, 0, 
9, 22, 0, 
9, 23, 0, 
9, 24, 0, 
9, 25, 0, 
9, 26, 0, 
9, 27, 0, 
9, 28, 0, 
9, 29, 0, 
9, 30, 0, 
9, 31, 0, 
9, 32, 0, 
9, 33, 7, 
9, 34, 0, 
9, 35, 2, 
9, 36, 0, 
9, 37, 0, 
9, 38, 0, 
9, 39, 0, 
9, 40, 0, 
9, 41, 0, 
9, 42, 0, 
9, 43, 0, 
9, 44, 0, 
9, 45, 0, 
9, 46, 0, 
9, 77, 0, 
9, 78, 0, 
9, 79, 0, 
9, 80, 0, 
9, 81, 0, 
9, 82, 0, 
9, 83, 2, 
9, 84, 0, 
9, 85, 0, 
9, 86, 0, 
9, 87, 4, 
9, 88, 0, 
9, 89, 0, 
9, 90, 0, 
9, 91, 0, 
9, 92, 0, 
9, 156, 0, 
9, 157, 0, 
9, 158, 0, 
9, 159, 0, 
9, 160, 0, 
9, 161, 0, 
9, 162, 0, 
9, 163, 0, 
9, 164, 0, 
9, 165, 5, 
9, 166, 0, 
9, 167, 2, 
9, 168, 0, 
9, 169, 0, 
9, 170, 0, 
9, 171, 9, 
9, 172, 0, 
9, 173, 2, 
9, 174, 0, 
9, 175, 0, 
9, 176, 0, 
9, 177, 0, 
9, 178, 0, 
9, 179, 0, 
9, 180, 0, 
9, 181, 0, 
9, 182, 0, 
9, 183, 0, 
9, 215, 0, 
9, 216, 0, 
9, 217, 0, 
9, 218, 0, 
9, 219, 0, 
9, 220, 0, 
9, 221, 0, 
9, 222, 0, 
9, 223, 0, 
9, 224, 0, 
9, 225, 0, 
9, 226, 0, 
9, 227, 0, 
9, 228, 0, 
10, 0, 0, 
10, 11, 0, 
10, 14, 0, 
10, 78, 0, 
10, 80, 0, 
10, 82, 0, 
10, 84, 0, 
10, 86, 0, 
10, 88, 0, 
10, 90, 0, 
10, 92, 0, 
10, 93, 0, 
10, 94, 0, 
10, 95, 0, 
10, 96, 0, 
10, 97, 0, 
10, 98, 0, 
10, 99, 0, 
10, 100, 0, 
10, 101, 0, 
10, 102, 0, 
10, 103, 0, 
10, 104, 0, 
10, 105, 0, 
10, 106, 0, 
10, 107, 0, 
10, 108, 0, 
10, 109, 0, 
10, 110, 0, 
10, 111, 0, 
10, 112, 0, 
10, 113, 0, 
10, 114, 0, 
10, 115, 0, 
10, 116, 0, 
10, 185, 0, 
10, 187, 0, 
10, 189, 0, 
10, 191, 1, 
10, 193, 2, 
10, 195, 0, 
10, 197, 2, 
10, 199, 2, 
10, 200, 0, 
10, 201, 0, 
10, 202, 1, 
10, 203, 4, 
10, 204, 2, 
10, 205, 2, 
10, 206, 3, 
10, 207, 0, 
10, 208, 0, 
10, 209, 0, 
10, 210, 0, 
10, 211, 0, 
10, 212, 0, 
10, 213, 0, 
10, 214, 0, 
10, 215, 0, 
10, 216, 0, 
10, 217, 0, 
10, 218, 0, 
10, 219, 0, 
10, 220, 0, 
10, 221, 0, 
10, 229, 18, 
11, 0, 0, 
11, 3, 0, 
11, 9, 0, 
11, 10, 0, 
11, 13, 0, 
11, 14, 0, 
11, 31, 0, 
11, 32, 0, 
11, 33, 0, 
11, 34, 0, 
11, 35, 0, 
11, 36, 0, 
11, 37, 0, 
11, 38, 0, 
11, 39, 0, 
11, 40, 0, 
11, 41, 0, 
11, 42, 0, 
11, 43, 0, 
11, 44, 0, 
11, 45, 0, 
11, 46, 0, 
11, 77, 0, 
11, 78, 0, 
11, 79, 0, 
11, 80, 0, 
11, 81, 0, 
11, 82, 0, 
11, 83, 0, 
11, 84, 1, 
11, 85, 0, 
11, 86, 0, 
11, 87, 3, 
11, 88, 4, 
11, 89, 4, 
11, 90, 5, 
11, 91, 3, 
11, 92, 5, 
11, 93, 0, 
11, 94, 0, 
11, 95, 0, 
11, 96, 0, 
11, 97, 0, 
11, 98, 0, 
11, 99, 0, 
11, 100, 0, 
11, 101, 0, 
11, 102, 0, 
11, 103, 0, 
11, 104, 0, 
11, 105, 0, 
11, 106, 0, 
11, 107, 0, 
11, 108, 0, 
11, 156, 0, 
11, 157, 0, 
11, 158, 0, 
11, 159, 0, 
11, 160, 0, 
11, 161, 0, 
11, 162, 0, 
11, 163, 0, 
11, 164, 0, 
11, 165, 0, 
11, 166, 0, 
11, 167, 0, 
11, 168, 0, 
11, 169, 0, 
11, 200, 0, 
11, 201, 0, 
11, 202, 0, 
11, 203, 0, 
11, 204, 0, 
11, 205, 0, 
11, 206, 0, 
11, 207, 0, 
11, 208, 0, 
11, 209, 0, 
11, 210, 0, 
11, 211, 0, 
11, 212, 3, 
11, 213, 5, 
11, 214, 3, 
11, 215, 0, 
11, 216, 0, 
11, 217, 4, 
11, 218, 0, 
11, 219, 2, 
11, 220, 3, 
11, 221, 0, 
11, 222, 0, 
11, 223, 0, 
11, 224, 0, 
11, 225, 0, 
11, 226, 0, 
11, 227, 0, 
11, 228, 0, 
11, 229, 36, 
12, 2, 0, 
12, 4, 34, 
12, 6, 0, 
12, 7, 11, 
12, 55, 0, 
12, 56, 0, 
12, 57, 0, 
12, 58, 0, 
12, 59, 0, 
12, 60, 0, 
12, 61, 0, 
12, 62, 0, 
12, 63, 0, 
12, 64, 0, 
12, 65, 0, 
12, 66, 0, 
12, 67, 0, 
12, 68, 0, 
12, 69, 0, 
12, 70, 0, 
12, 71, 0, 
12, 72, 0, 
12, 73, 0, 
12, 74, 0, 
12, 75, 0, 
12, 76, 0, 
12, 125, 0, 
12, 126, 0, 
12, 127, 0, 
12, 128, 0, 
12, 129, 0, 
12, 130, 0, 
12, 131, 12, 
12, 132, 4, 
12, 133, 0, 
12, 134, 0, 
12, 135, 0, 
12, 136, 0, 
12, 137, 0, 
12, 138, 0, 
12, 139, 0, 
12, 140, 0, 
12, 141, 0, 
12, 142, 0, 
12, 143, 0, 
12, 144, 0, 
12, 145, 0, 
12, 146, 0, 
12, 147, 0, 
12, 148, 0, 
13, 1, 0, 
13, 3, 12, 
13, 5, 0, 
13, 9, 0, 
13, 11, 0, 
13, 14, 0, 
13, 15, 0, 
13, 16, 0, 
13, 17, 0, 
13, 18, 0, 
13, 19, 0, 
13, 20, 0, 
13, 21, 0, 
13, 22, 6, 
13, 23, 0, 
13, 24, 0, 
13, 25, 0, 
13, 26, 0, 
13, 27, 0, 
13, 28, 0, 
13, 29, 0, 
13, 30, 0, 
13, 31, 0, 
13, 32, 0, 
13, 33, 6, 
13, 34, 6, 
13, 35, 0, 
13, 36, 0, 
13, 37, 0, 
13, 38, 0, 
13, 39, 0, 
13, 40, 0, 
13, 41, 0, 
13, 42, 0, 
13, 43, 0, 
13, 44, 0, 
13, 45, 0, 
13, 46, 0, 
13, 77, 0, 
13, 78, 0, 
13, 79, 0, 
13, 80, 0, 
13, 81, 0, 
13, 82, 0, 
13, 83, 2, 
13, 84, 0, 
13, 85, 0, 
13, 86, 0, 
13, 87, 0, 
13, 88, 0, 
13, 89, 1, 
13, 90, 0, 
13, 91, 0, 
13, 92, 0, 
13, 156, 0, 
13, 157, 0, 
13, 158, 0, 
13, 159, 0, 
13, 160, 0, 
13, 161, 0, 
13, 162, 0, 
13, 163, 0, 
13, 164, 5, 
13, 165, 0, 
13, 166, 0, 
13, 167, 0, 
13, 168, 0, 
13, 169, 0, 
13, 170, 0, 
13, 171, 11, 
13, 172, 0, 
13, 173, 0, 
13, 174, 0, 
13, 175, 0, 
13, 176, 0, 
13, 177, 0, 
13, 178, 0, 
13, 179, 0, 
13, 180, 0, 
13, 181, 0, 
13, 182, 0, 
13, 183, 0, 
13, 215, 0, 
13, 216, 0, 
13, 217, 0, 
13, 218, 0, 
13, 219, 0, 
13, 220, 0, 
13, 221, 0, 
13, 222, 0, 
13, 223, 0, 
13, 224, 0, 
13, 225, 0, 
13, 226, 0, 
13, 227, 0, 
13, 228, 0, 
14, 0, 0, 
14, 9, 0, 
14, 10, 0, 
14, 11, 0, 
14, 13, 0, 
14, 77, 0, 
14, 78, 0, 
14, 79, 0, 
14, 80, 0, 
14, 81, 0, 
14, 82, 0, 
14, 83, 0, 
14, 84, 1, 
14, 85, 0, 
14, 86, 0, 
14, 87, 0, 
14, 88, 2, 
14, 89, 0, 
14, 90, 3, 
14, 91, 0, 
14, 92, 1, 
14, 93, 0, 
14, 94, 0, 
14, 95, 0, 
14, 96, 0, 
14, 97, 0, 
14, 98, 0, 
14, 99, 0, 
14, 100, 0, 
14, 101, 0, 
14, 102, 0, 
14, 103, 0, 
14, 104, 0, 
14, 105, 0, 
14, 106, 0, 
14, 107, 0, 
14, 108, 0, 
14, 200, 0, 
14, 201, 0, 
14, 202, 0, 
14, 203, 0, 
14, 204, 0, 
14, 205, 0, 
14, 206, 0, 
14, 207, 0, 
14, 208, 0, 
14, 209, 0, 
14, 210, 6, 
14, 211, 0, 
14, 212, 2, 
14, 213, 3, 
14, 214, 2, 
14, 215, 0, 
14, 216, 0, 
14, 217, 12, 
14, 218, 0, 
14, 219, 3, 
14, 220, 4, 
14, 221, 0, 
14, 222, 0, 
14, 223, 0, 
14, 224, 0, 
14, 225, 0, 
14, 226, 0, 
14, 227, 0, 
14, 228, 0, 
14, 229, 1, 
15, 1, 0, 
15, 3, 0, 
15, 5, 0, 
15, 9, 0, 
15, 13, 0, 
15, 16, 0, 
15, 18, 0, 
15, 20, 0, 
15, 22, 0, 
15, 24, 0, 
15, 26, 0, 
15, 28, 0, 
15, 30, 0, 
15, 31, 0, 
15, 32, 0, 
15, 33, 0, 
15, 34, 0, 
15, 35, 0, 
15, 36, 0, 
15, 37, 0, 
15, 38, 0, 
15, 77, 0, 
15, 79, 0, 
15, 81, 0, 
15, 83, 0, 
15, 85, 0, 
15, 87, 0, 
15, 89, 0, 
15, 91, 0, 
15, 163, 0, 
15, 164, 0, 
15, 165, 0, 
15, 166, 0, 
15, 167, 0, 
15, 168, 0, 
15, 169, 0, 
15, 170, 0, 
15, 171, 0, 
15, 172, 0, 
15, 173, 0, 
15, 174, 0, 
15, 175, 0, 
15, 176, 0, 
15, 222, 0, 
15, 223, 0, 
15, 224, 0, 
15, 225, 0, 
15, 226, 0, 
15, 227, 0, 
15, 228, 0, 
16, 1, 0, 
16, 3, 0, 
16, 5, 0, 
16, 9, 0, 
16, 13, 0, 
16, 17, 0, 
16, 19, 0, 
16, 21, 0, 
16, 23, 0, 
16, 25, 0, 
16, 27, 0, 
16, 29, 0, 
16, 31, 0, 
16, 32, 0, 
16, 33, 0, 
16, 34, 0, 
16, 35, 0, 
16, 36, 0, 
16, 37, 0, 
16, 38, 0, 
16, 79, 0, 
16, 81, 0, 
16, 83, 0, 
16, 85, 0, 
16, 87, 0, 
16, 89, 0, 
16, 91, 0, 
16, 163, 0, 
16, 164, 0, 
16, 165, 0, 
16, 166, 0, 
16, 167, 0, 
16, 168, 0, 
16, 169, 0, 
16, 177, 0, 
16, 178, 0, 
16, 179, 0, 
16, 180, 0, 
16, 181, 0, 
16, 182, 0, 
16, 183, 0, 
16, 222, 0, 
16, 223, 0, 
16, 224, 0, 
16, 225, 0, 
16, 226, 0, 
16, 227, 0, 
16, 228, 0, 
17, 1, 0, 
17, 3, 0, 
17, 5, 0, 
17, 9, 0, 
17, 13, 0, 
17, 18, 0, 
17, 20, 0, 
17, 22, 0, 
17, 24, 0, 
17, 26, 0, 
17, 28, 0, 
17, 30, 0, 
17, 32, 0, 
17, 33, 0, 
17, 34, 0, 
17, 35, 0, 
17, 36, 0, 
17, 37, 0, 
17, 38, 0, 
17, 79, 0, 
17, 81, 0, 
17, 83, 0, 
17, 85, 0, 
17, 87, 0, 
17, 89, 0, 
17, 91, 0, 
17, 163, 0, 
17, 164, 0, 
17, 165, 0, 
17, 166, 0, 
17, 167, 0, 
17, 168, 0, 
17, 169, 0, 
17, 170, 0, 
17, 171, 0, 
17, 172, 0, 
17, 173, 0, 
17, 174, 0, 
17, 175, 0, 
17, 176, 0, 
17, 222, 0, 
17, 223, 0, 
17, 224, 0, 
17, 225, 0, 
17, 226, 0, 
17, 227, 0, 
17, 228, 0, 
18, 1, 0, 
18, 3, 0, 
18, 5, 0, 
18, 9, 0, 
18, 13, 0, 
18, 19, 0, 
18, 21, 0, 
18, 23, 0, 
18, 25, 0, 
18, 27, 0, 
18, 29, 0, 
18, 32, 0, 
18, 33, 0, 
18, 34, 0, 
18, 35, 0, 
18, 36, 0, 
18, 37, 0, 
18, 38, 0, 
18, 81, 0, 
18, 83, 0, 
18, 85, 0, 
18, 87, 0, 
18, 89, 0, 
18, 91, 0, 
18, 163, 0, 
18, 164, 0, 
18, 165, 0, 
18, 166, 0, 
18, 167, 0, 
18, 168, 0, 
18, 169, 0, 
18, 177, 0, 
18, 178, 0, 
18, 179, 0, 
18, 180, 0, 
18, 181, 0, 
18, 182, 0, 
18, 183, 0, 
18, 222, 0, 
18, 223, 0, 
18, 224, 0, 
18, 225, 0, 
18, 226, 0, 
18, 227, 0, 
18, 228, 0, 
19, 1, 0, 
19, 3, 0, 
19, 5, 0, 
19, 9, 0, 
19, 13, 0, 
19, 20, 0, 
19, 22, 0, 
19, 24, 0, 
19, 26, 0, 
19, 28, 0, 
19, 30, 0, 
19, 33, 0, 
19, 34, 0, 
19, 35, 0, 
19, 36, 0, 
19, 37, 0, 
19, 38, 0, 
19, 81, 0, 
19, 83, 0, 
19, 85, 0, 
19, 87, 0, 
19, 89, 0, 
19, 91, 0, 
19, 164, 0, 
19, 165, 0, 
19, 166, 0, 
19, 167, 0, 
19, 168, 0, 
19, 169, 0, 
19, 171, 0, 
19, 172, 0, 
19, 173, 0, 
19, 174, 0, 
19, 175, 0, 
19, 176, 0, 
19, 223, 0, 
19, 224, 0, 
19, 225, 0, 
19, 226, 0, 
19, 227, 0, 
19, 228, 0, 
20, 1, 0, 
20, 3, 0, 
20, 5, 0, 
20, 9, 0, 
20, 13, 0, 
20, 21, 0, 
20, 23, 0, 
20, 25, 0, 
20, 27, 0, 
20, 29, 0, 
20, 33, 15, 
20, 34, 0, 
20, 35, 0, 
20, 36, 0, 
20, 37, 0, 
20, 38, 0, 
20, 83, 0, 
20, 85, 0, 
20, 87, 0, 
20, 89, 0, 
20, 91, 0, 
20, 164, 0, 
20, 165, 0, 
20, 166, 0, 
20, 167, 0, 
20, 168, 0, 
20, 169, 0, 
20, 178, 0, 
20, 179, 0, 
20, 180, 0, 
20, 181, 0, 
20, 182, 0, 
20, 183, 0, 
20, 223, 0, 
20, 224, 0, 
20, 225, 0, 
20, 226, 0, 
20, 227, 0, 
20, 228, 0, 
21, 1, 0, 
21, 3, 0, 
21, 5, 0, 
21, 9, 0, 
21, 13, 0, 
21, 22, 1, 
21, 24, 0, 
21, 26, 0, 
21, 28, 0, 
21, 30, 0, 
21, 34, 0, 
21, 35, 0, 
21, 36, 0, 
21, 37, 0, 
21, 38, 0, 
21, 83, 0, 
21, 85, 0, 
21, 87, 0, 
21, 89, 0, 
21, 91, 0, 
21, 165, 0, 
21, 166, 0, 
21, 167, 0, 
21, 168, 0, 
21, 169, 0, 
21, 172, 0, 
21, 173, 0, 
21, 174, 0, 
21, 175, 0, 
21, 176, 0, 
21, 224, 0, 
21, 225, 0, 
21, 226, 0, 
21, 227, 0, 
21, 228, 0, 
22, 1, 0, 
22, 3, 0, 
22, 5, 0, 
22, 9, 0, 
22, 13, 0, 
22, 23, 0, 
22, 25, 0, 
22, 27, 0, 
22, 29, 0, 
22, 34, 7, 
22, 35, 0, 
22, 36, 0, 
22, 37, 0, 
22, 38, 0, 
22, 85, 0, 
22, 87, 0, 
22, 89, 0, 
22, 91, 0, 
22, 165, 0, 
22, 166, 0, 
22, 167, 0, 
22, 168, 0, 
22, 169, 0, 
22, 179, 0, 
22, 180, 0, 
22, 181, 0, 
22, 182, 0, 
22, 183, 0, 
22, 224, 0, 
22, 225, 0, 
22, 226, 0, 
22, 227, 0, 
22, 228, 0, 
23, 1, 0, 
23, 3, 0, 
23, 5, 0, 
23, 9, 0, 
23, 13, 0, 
23, 24, 0, 
23, 26, 0, 
23, 28, 0, 
23, 30, 0, 
23, 35, 0, 
23, 36, 0, 
23, 37, 0, 
23, 38, 0, 
23, 85, 0, 
23, 87, 0, 
23, 89, 0, 
23, 91, 0, 
23, 166, 0, 
23, 167, 0, 
23, 168, 0, 
23, 169, 0, 
23, 173, 0, 
23, 174, 0, 
23, 175, 0, 
23, 176, 0, 
23, 225, 0, 
23, 226, 0, 
23, 227, 0, 
23, 228, 0, 
24, 1, 0, 
24, 3, 0, 
24, 5, 0, 
24, 9, 0, 
24, 13, 0, 
24, 25, 0, 
24, 27, 0, 
24, 29, 0, 
24, 35, 10, 
24, 36, 0, 
24, 37, 0, 
24, 38, 0, 
24, 87, 0, 
24, 89, 0, 
24, 91, 0, 
24, 166, 0, 
24, 167, 0, 
24, 168, 0, 
24, 169, 0, 
24, 180, 0, 
24, 181, 0, 
24, 182, 0, 
24, 183, 0, 
24, 225, 0, 
24, 226, 0, 
24, 227, 0, 
24, 228, 0, 
25, 1, 0, 
25, 3, 0, 
25, 5, 0, 
25, 9, 0, 
25, 13, 0, 
25, 26, 0, 
25, 28, 0, 
25, 30, 0, 
25, 36, 0, 
25, 37, 0, 
25, 38, 0, 
25, 87, 0, 
25, 89, 0, 
25, 91, 0, 
25, 167, 0, 
25, 168, 0, 
25, 169, 0, 
25, 174, 0, 
25, 175, 0, 
25, 176, 0, 
25, 226, 0, 
25, 227, 0, 
25, 228, 0, 
26, 1, 0, 
26, 3, 0, 
26, 5, 0, 
26, 9, 0, 
26, 13, 0, 
26, 27, 0, 
26, 29, 0, 
26, 36, 3, 
26, 37, 0, 
26, 38, 0, 
26, 89, 0, 
26, 91, 0, 
26, 167, 0, 
26, 168, 0, 
26, 169, 0, 
26, 181, 0, 
26, 182, 0, 
26, 183, 0, 
26, 226, 0, 
26, 227, 0, 
26, 228, 0, 
27, 1, 0, 
27, 3, 0, 
27, 5, 0, 
27, 9, 0, 
27, 13, 0, 
27, 28, 0, 
27, 30, 0, 
27, 37, 0, 
27, 38, 0, 
27, 89, 0, 
27, 91, 0, 
27, 168, 0, 
27, 169, 0, 
27, 175, 0, 
27, 176, 0, 
27, 227, 0, 
27, 228, 0, 
28, 1, 0, 
28, 3, 0, 
28, 5, 0, 
28, 9, 0, 
28, 13, 0, 
28, 29, 0, 
28, 37, 2, 
28, 38, 0, 
28, 91, 0, 
28, 168, 0, 
28, 169, 0, 
28, 182, 0, 
28, 183, 0, 
28, 227, 0, 
28, 228, 0, 
29, 1, 0, 
29, 3, 0, 
29, 5, 0, 
29, 9, 0, 
29, 13, 0, 
29, 30, 0, 
29, 38, 0, 
29, 91, 0, 
29, 169, 0, 
29, 176, 0, 
29, 228, 0, 
30, 1, 0, 
30, 3, 0, 
30, 5, 0, 
30, 9, 0, 
30, 13, 0, 
30, 38, 0, 
30, 169, 0, 
30, 183, 0, 
30, 228, 0, 
31, 1, 0, 
31, 3, 0, 
31, 5, 0, 
31, 9, 0, 
31, 11, 0, 
31, 13, 0, 
31, 17, 0, 
31, 18, 0, 
31, 19, 0, 
31, 20, 0, 
31, 21, 0, 
31, 22, 0, 
31, 23, 0, 
31, 24, 0, 
31, 25, 0, 
31, 26, 0, 
31, 27, 0, 
31, 28, 0, 
31, 29, 0, 
31, 30, 0, 
31, 39, 0, 
31, 40, 0, 
31, 41, 0, 
31, 42, 0, 
31, 43, 0, 
31, 44, 0, 
31, 45, 0, 
31, 46, 0, 
31, 79, 0, 
31, 80, 0, 
31, 81, 0, 
31, 82, 0, 
31, 83, 0, 
31, 84, 0, 
31, 85, 0, 
31, 86, 0, 
31, 87, 0, 
31, 88, 0, 
31, 89, 0, 
31, 90, 0, 
31, 91, 0, 
31, 92, 0, 
31, 156, 0, 
31, 157, 0, 
31, 158, 0, 
31, 159, 0, 
31, 160, 0, 
31, 161, 0, 
31, 162, 0, 
31, 170, 0, 
31, 171, 0, 
31, 172, 0, 
31, 173, 0, 
31, 174, 0, 
31, 175, 0, 
31, 176, 0, 
31, 177, 0, 
31, 178, 0, 
31, 179, 0, 
31, 180, 0, 
31, 181, 0, 
31, 182, 0, 
31, 183, 0, 
31, 215, 0, 
31, 216, 0, 
31, 217, 0, 
31, 218, 0, 
31, 219, 0, 
31, 220, 0, 
31, 221, 0, 
31, 222, 0, 
31, 223, 0, 
31, 224, 0, 
31, 225, 0, 
31, 226, 0, 
31, 227, 0, 
31, 228, 0, 
32, 1, 0, 
32, 3, 0, 
32, 5, 0, 
32, 9, 0, 
32, 11, 0, 
32, 13, 0, 
32, 19, 0, 
32, 20, 0, 
32, 21, 0, 
32, 22, 0, 
32, 23, 0, 
32, 24, 0, 
32, 25, 0, 
32, 26, 0, 
32, 27, 0, 
32, 28, 0, 
32, 29, 0, 
32, 30, 0, 
32, 40, 0, 
32, 41, 0, 
32, 42, 0, 
32, 43, 0, 
32, 44, 0, 
32, 45, 0, 
32, 46, 0, 
32, 81, 0, 
32, 82, 0, 
32, 83, 0, 
32, 84, 0, 
32, 85, 0, 
32, 86, 0, 
32, 87, 0, 
32, 88, 0, 
32, 89, 0, 
32, 90, 0, 
32, 91, 0, 
32, 92, 0, 
32, 157, 0, 
32, 158, 0, 
32, 159, 0, 
32, 160, 0, 
32, 161, 0, 
32, 162, 0, 
32, 170, 0, 
32, 171, 0, 
32, 172, 0, 
32, 173, 0, 
32, 174, 0, 
32, 175, 0, 
32, 176, 0, 
32, 177, 0, 
32, 178, 0, 
32, 179, 0, 
32, 180, 0, 
32, 181, 0, 
32, 182, 0, 
32, 183, 0, 
32, 216, 0, 
32, 217, 0, 
32, 218, 0, 
32, 219, 0, 
32, 220, 0, 
32, 221, 0, 
32, 222, 0, 
32, 223, 0, 
32, 224, 0, 
32, 225, 0, 
32, 226, 0, 
32, 227, 0, 
32, 228, 0, 
33, 1, 0, 
33, 3, 0, 
33, 5, 0, 
33, 9, 0, 
33, 11, 0, 
33, 13, 0, 
33, 21, 0, 
33, 22, 0, 
33, 23, 0, 
33, 24, 0, 
33, 25, 0, 
33, 26, 0, 
33, 27, 0, 
33, 28, 0, 
33, 29, 0, 
33, 30, 0, 
33, 41, 57, 
33, 42, 0, 
33, 43, 0, 
33, 44, 0, 
33, 45, 0, 
33, 46, 0, 
33, 83, 0, 
33, 84, 0, 
33, 85, 0, 
33, 86, 0, 
33, 87, 0, 
33, 88, 0, 
33, 89, 0, 
33, 90, 0, 
33, 91, 0, 
33, 92, 0, 
33, 158, 0, 
33, 159, 0, 
33, 160, 0, 
33, 161, 0, 
33, 162, 0, 
33, 171, 0, 
33, 172, 0, 
33, 173, 0, 
33, 174, 0, 
33, 175, 0, 
33, 176, 0, 
33, 178, 0, 
33, 179, 0, 
33, 180, 0, 
33, 181, 0, 
33, 182, 0, 
33, 183, 0, 
33, 217, 0, 
33, 218, 0, 
33, 219, 0, 
33, 220, 0, 
33, 221, 0, 
33, 223, 0, 
33, 224, 0, 
33, 225, 0, 
33, 226, 0, 
33, 227, 0, 
33, 228, 0, 
34, 1, 0, 
34, 3, 0, 
34, 5, 6, 
34, 9, 0, 
34, 11, 0, 
34, 13, 0, 
34, 23, 0, 
34, 24, 0, 
34, 25, 0, 
34, 26, 0, 
34, 27, 0, 
34, 28, 0, 
34, 29, 0, 
34, 30, 0, 
34, 42, 41, 
34, 43, 0, 
34, 44, 0, 
34, 45, 0, 
34, 46, 0, 
34, 85, 0, 
34, 86, 0, 
34, 87, 0, 
34, 88, 0, 
34, 89, 0, 
34, 90, 0, 
34, 91, 0, 
34, 92, 0, 
34, 159, 0, 
34, 160, 0, 
34, 161, 0, 
34, 162, 0, 
34, 172, 0, 
34, 173, 0, 
34, 174, 0, 
34, 175, 0, 
34, 176, 0, 
34, 179, 0, 
34, 180, 0, 
34, 181, 0, 
34, 182, 0, 
34, 183, 0, 
34, 218, 0, 
34, 219, 0, 
34, 220, 0, 
34, 221, 0, 
34, 224, 0, 
34, 225, 0, 
34, 226, 0, 
34, 227, 0, 
34, 228, 0, 
35, 1, 0, 
35, 3, 0, 
35, 5, 0, 
35, 9, 0, 
35, 11, 0, 
35, 13, 0, 
35, 25, 0, 
35, 26, 0, 
35, 27, 0, 
35, 28, 0, 
35, 29, 0, 
35, 30, 0, 
35, 43, 28, 
35, 44, 0, 
35, 45, 0, 
35, 46, 0, 
35, 87, 0, 
35, 88, 0, 
35, 89, 0, 
35, 90, 0, 
35, 91, 0, 
35, 92, 0, 
35, 160, 0, 
35, 161, 0, 
35, 162, 0, 
35, 173, 0, 
35, 174, 0, 
35, 175, 0, 
35, 176, 0, 
35, 180, 0, 
35, 181, 0, 
35, 182, 0, 
35, 183, 0, 
35, 219, 0, 
35, 220, 0, 
35, 221, 0, 
35, 225, 0, 
35, 226, 0, 
35, 227, 0, 
35, 228, 0, 
36, 1, 0, 
36, 3, 0, 
36, 5, 0, 
36, 9, 0, 
36, 11, 0, 
36, 13, 0, 
36, 27, 0, 
36, 28, 0, 
36, 29, 0, 
36, 30, 0, 
36, 44, 7, 
36, 45, 0, 
36, 46, 0, 
36, 89, 0, 
36, 90, 0, 
36, 91, 0, 
36, 92, 0, 
36, 161, 0, 
36, 162, 0, 
36, 174, 0, 
36, 175, 0, 
36, 176, 0, 
36, 181, 0, 
36, 182, 0, 
36, 183, 0, 
36, 220, 0, 
36, 221, 0, 
36, 226, 0, 
36, 227, 0, 
36, 228, 0, 
37, 1, 0, 
37, 3, 0, 
37, 5, 0, 
37, 9, 0, 
37, 11, 0, 
37, 13, 0, 
37, 29, 0, 
37, 30, 0, 
37, 45, 2, 
37, 46, 0, 
37, 91, 0, 
37, 92, 0, 
37, 162, 0, 
37, 175, 0, 
37, 176, 0, 
37, 182, 0, 
37, 183, 0, 
37, 221, 0, 
37, 227, 0, 
37, 228, 0, 
38, 1, 0, 
38, 3, 0, 
38, 5, 0, 
38, 9, 0, 
38, 11, 0, 
38, 13, 0, 
38, 46, 0, 
38, 176, 0, 
38, 183, 0, 
38, 228, 0, 
39, 0, 0, 
39, 3, 0, 
39, 5, 0, 
39, 9, 0, 
39, 11, 0, 
39, 13, 0, 
39, 32, 0, 
39, 33, 0, 
39, 34, 0, 
39, 35, 0, 
39, 36, 0, 
39, 37, 0, 
39, 38, 0, 
39, 47, 0, 
39, 48, 0, 
39, 49, 0, 
39, 50, 0, 
39, 51, 0, 
39, 52, 0, 
39, 53, 0, 
39, 54, 0, 
39, 79, 0, 
39, 80, 0, 
39, 81, 0, 
39, 82, 0, 
39, 83, 0, 
39, 84, 0, 
39, 85, 0, 
39, 86, 0, 
39, 87, 0, 
39, 88, 0, 
39, 89, 0, 
39, 90, 0, 
39, 91, 0, 
39, 92, 0, 
39, 149, 0, 
39, 150, 0, 
39, 151, 0, 
39, 152, 0, 
39, 153, 0, 
39, 154, 0, 
39, 155, 0, 
39, 163, 0, 
39, 164, 0, 
39, 165, 0, 
39, 166, 0, 
39, 167, 0, 
39, 168, 0, 
39, 169, 0, 
39, 215, 0, 
39, 216, 0, 
39, 217, 0, 
39, 218, 0, 
39, 219, 0, 
39, 220, 0, 
39, 221, 0, 
39, 222, 0, 
39, 223, 0, 
39, 224, 0, 
39, 225, 0, 
39, 226, 0, 
39, 227, 0, 
39, 228, 0, 
39, 229, 0, 
40, 0, 0, 
40, 3, 0, 
40, 5, 0, 
40, 9, 0, 
40, 11, 0, 
40, 13, 0, 
40, 33, 0, 
40, 34, 0, 
40, 35, 0, 
40, 36, 0, 
40, 37, 0, 
40, 38, 0, 
40, 48, 0, 
40, 49, 0, 
40, 50, 0, 
40, 51, 0, 
40, 52, 0, 
40, 53, 0, 
40, 54, 0, 
40, 81, 0, 
40, 82, 0, 
40, 83, 0, 
40, 84, 0, 
40, 85, 0, 
40, 86, 0, 
40, 87, 0, 
40, 88, 0, 
40, 89, 0, 
40, 90, 0, 
40, 91, 0, 
40, 92, 0, 
40, 150, 0, 
40, 151, 0, 
40, 152, 0, 
40, 153, 0, 
40, 154, 0, 
40, 155, 0, 
40, 164, 0, 
40, 165, 0, 
40, 166, 0, 
40, 167, 0, 
40, 168, 0, 
40, 169, 0, 
40, 216, 0, 
40, 217, 0, 
40, 218, 0, 
40, 219, 0, 
40, 220, 0, 
40, 221, 0, 
40, 223, 0, 
40, 224, 0, 
40, 225, 0, 
40, 226, 0, 
40, 227, 0, 
40, 228, 0, 
40, 229, 0, 
41, 0, 0, 
41, 3, 0, 
41, 5, 0, 
41, 9, 0, 
41, 11, 0, 
41, 13, 0, 
41, 34, 0, 
41, 35, 0, 
41, 36, 0, 
41, 37, 0, 
41, 38, 0, 
41, 49, 55, 
41, 50, 0, 
41, 51, 0, 
41, 52, 0, 
41, 53, 0, 
41, 54, 0, 
41, 83, 0, 
41, 84, 0, 
41, 85, 0, 
41, 86, 0, 
41, 87, 0, 
41, 88, 0, 
41, 89, 0, 
41, 90, 0, 
41, 91, 0, 
41, 92, 0, 
41, 151, 0, 
41, 152, 0, 
41, 153, 0, 
41, 154, 0, 
41, 155, 0, 
41, 165, 0, 
41, 166, 0, 
41, 167, 0, 
41, 168, 0, 
41, 169, 0, 
41, 217, 0, 
41, 218, 0, 
41, 219, 0, 
41, 220, 0, 
41, 221, 0, 
41, 224, 0, 
41, 225, 0, 
41, 226, 0, 
41, 227, 0, 
41, 228, 0, 
41, 229, 2, 
42, 0, 0, 
42, 3, 0, 
42, 5, 0, 
42, 9, 0, 
42, 11, 0, 
42, 13, 0, 
42, 35, 0, 
42, 36, 0, 
42, 37, 0, 
42, 38, 0, 
42, 50, 46, 
42, 51, 0, 
42, 52, 0, 
42, 53, 0, 
42, 54, 0, 
42, 85, 0, 
42, 86, 0, 
42, 87, 0, 
42, 88, 0, 
42, 89, 0, 
42, 90, 0, 
42, 91, 0, 
42, 92, 0, 
42, 152, 0, 
42, 153, 0, 
42, 154, 0, 
42, 155, 0, 
42, 166, 0, 
42, 167, 0, 
42, 168, 0, 
42, 169, 0, 
42, 218, 0, 
42, 219, 0, 
42, 220, 0, 
42, 221, 0, 
42, 225, 0, 
42, 226, 0, 
42, 227, 0, 
42, 228, 0, 
42, 229, 0, 
43, 0, 0, 
43, 3, 0, 
43, 5, 0, 
43, 9, 0, 
43, 11, 0, 
43, 13, 0, 
43, 36, 0, 
43, 37, 0, 
43, 38, 0, 
43, 51, 27, 
43, 52, 0, 
43, 53, 0, 
43, 54, 0, 
43, 87, 0, 
43, 88, 0, 
43, 89, 0, 
43, 90, 0, 
43, 91, 0, 
43, 92, 0, 
43, 153, 0, 
43, 154, 0, 
43, 155, 0, 
43, 167, 0, 
43, 168, 0, 
43, 169, 0, 
43, 219, 0, 
43, 220, 0, 
43, 221, 0, 
43, 226, 0, 
43, 227, 0, 
43, 228, 0, 
43, 229, 1, 
44, 0, 0, 
44, 3, 0, 
44, 5, 0, 
44, 9, 0, 
44, 11, 0, 
44, 13, 0, 
44, 37, 0, 
44, 38, 0, 
44, 52, 7, 
44, 53, 0, 
44, 54, 0, 
44, 89, 0, 
44, 90, 0, 
44, 91, 0, 
44, 92, 0, 
44, 154, 0, 
44, 155, 0, 
44, 168, 0, 
44, 169, 0, 
44, 220, 0, 
44, 221, 0, 
44, 227, 0, 
44, 228, 0, 
44, 229, 0, 
45, 0, 0, 
45, 3, 0, 
45, 5, 0, 
45, 9, 0, 
45, 11, 0, 
45, 13, 0, 
45, 38, 0, 
45, 53, 2, 
45, 54, 0, 
45, 91, 0, 
45, 92, 0, 
45, 155, 0, 
45, 169, 0, 
45, 221, 0, 
45, 228, 0, 
45, 229, 0, 
46, 0, 0, 
46, 3, 0, 
46, 5, 0, 
46, 9, 0, 
46, 11, 0, 
46, 13, 0, 
46, 54, 0, 
46, 229, 0, 
47, 0, 0, 
47, 2, 0, 
47, 6, 0, 
47, 8, 0, 
47, 40, 0, 
47, 41, 0, 
47, 42, 0, 
47, 43, 0, 
47, 44, 0, 
47, 45, 0, 
47, 46, 0, 
47, 55, 103, 
47, 56, 0, 
47, 57, 0, 
47, 58, 0, 
47, 59, 0, 
47, 60, 0, 
47, 61, 0, 
47, 62, 0, 
47, 141, 0, 
47, 142, 0, 
47, 143, 0, 
47, 144, 0, 
47, 145, 0, 
47, 146, 0, 
47, 147, 0, 
47, 148, 0, 
47, 156, 0, 
47, 157, 0, 
47, 158, 0, 
47, 159, 0, 
47, 160, 0, 
47, 161, 0, 
47, 162, 0, 
47, 229, 0, 
48, 0, 0, 
48, 2, 0, 
48, 6, 0, 
48, 8, 0, 
48, 41, 0, 
48, 42, 0, 
48, 43, 0, 
48, 44, 0, 
48, 45, 0, 
48, 46, 0, 
48, 56, 0, 
48, 57, 0, 
48, 58, 0, 
48, 59, 0, 
48, 60, 0, 
48, 61, 0, 
48, 62, 0, 
48, 142, 0, 
48, 143, 0, 
48, 144, 0, 
48, 145, 0, 
48, 146, 0, 
48, 147, 0, 
48, 148, 0, 
48, 157, 0, 
48, 158, 0, 
48, 159, 0, 
48, 160, 0, 
48, 161, 0, 
48, 162, 0, 
48, 229, 0, 
49, 0, 0, 
49, 2, 0, 
49, 6, 0, 
49, 8, 15, 
49, 42, 0, 
49, 43, 0, 
49, 44, 0, 
49, 45, 0, 
49, 46, 0, 
49, 57, 39, 
49, 58, 0, 
49, 59, 0, 
49, 60, 0, 
49, 61, 0, 
49, 62, 0, 
49, 143, 0, 
49, 144, 0, 
49, 145, 0, 
49, 146, 0, 
49, 147, 0, 
49, 148, 0, 
49, 158, 0, 
49, 159, 0, 
49, 160, 0, 
49, 161, 0, 
49, 162, 0, 
49, 229, 1, 
50, 0, 0, 
50, 2, 0, 
50, 6, 0, 
50, 8, 19, 
50, 43, 0, 
50, 44, 0, 
50, 45, 0, 
50, 46, 0, 
50, 58, 27, 
50, 59, 0, 
50, 60, 0, 
50, 61, 0, 
50, 62, 0, 
50, 144, 0, 
50, 145, 0, 
50, 146, 0, 
50, 147, 0, 
50, 148, 0, 
50, 159, 0, 
50, 160, 0, 
50, 161, 0, 
50, 162, 0, 
50, 229, 0, 
51, 0, 0, 
51, 2, 0, 
51, 6, 0, 
51, 8, 9, 
51, 44, 0, 
51, 45, 0, 
51, 46, 0, 
51, 59, 17, 
51, 60, 0, 
51, 61, 0, 
51, 62, 0, 
51, 145, 0, 
51, 146, 0, 
51, 147, 0, 
51, 148, 0, 
51, 160, 0, 
51, 161, 0, 
51, 162, 0, 
51, 229, 1, 
52, 0, 0, 
52, 2, 0, 
52, 6, 0, 
52, 8, 5, 
52, 45, 0, 
52, 46, 0, 
52, 60, 2, 
52, 61, 0, 
52, 62, 0, 
52, 146, 0, 
52, 147, 0, 
52, 148, 0, 
52, 161, 0, 
52, 162, 0, 
52, 229, 0, 
53, 0, 0, 
53, 2, 0, 
53, 6, 0, 
53, 8, 1, 
53, 46, 0, 
53, 61, 1, 
53, 62, 0, 
53, 147, 0, 
53, 148, 0, 
53, 162, 0, 
53, 229, 0, 
54, 0, 0, 
54, 2, 0, 
54, 6, 0, 
54, 8, 0, 
54, 62, 0, 
54, 148, 0, 
54, 229, 0, 
55, 2, 34, 
55, 4, 0, 
55, 6, 41, 
55, 7, 19, 
55, 8, 0, 
55, 12, 0, 
55, 48, 0, 
55, 49, 0, 
55, 50, 0, 
55, 51, 0, 
55, 52, 0, 
55, 53, 0, 
55, 54, 0, 
55, 63, 9, 
55, 64, 0, 
55, 65, 0, 
55, 66, 0, 
55, 67, 0, 
55, 68, 0, 
55, 69, 0, 
55, 70, 0, 
55, 71, 0, 
55, 72, 0, 
55, 73, 0, 
55, 74, 0, 
55, 75, 0, 
55, 76, 0, 
55, 127, 0, 
55, 128, 0, 
55, 129, 0, 
55, 130, 0, 
55, 131, 0, 
55, 132, 0, 
55, 133, 0, 
55, 134, 0, 
55, 135, 0, 
55, 136, 0, 
55, 137, 0, 
55, 138, 0, 
55, 139, 0, 
55, 140, 0, 
55, 149, 0, 
55, 150, 0, 
55, 151, 0, 
55, 152, 0, 
55, 153, 0, 
55, 154, 0, 
55, 155, 0, 
56, 2, 0, 
56, 4, 0, 
56, 6, 0, 
56, 7, 0, 
56, 8, 0, 
56, 12, 0, 
56, 49, 0, 
56, 50, 0, 
56, 51, 0, 
56, 52, 0, 
56, 53, 0, 
56, 54, 0, 
56, 64, 0, 
56, 65, 0, 
56, 66, 0, 
56, 67, 0, 
56, 68, 0, 
56, 69, 0, 
56, 71, 0, 
56, 72, 0, 
56, 73, 0, 
56, 74, 0, 
56, 75, 0, 
56, 76, 0, 
56, 129, 0, 
56, 130, 0, 
56, 131, 0, 
56, 132, 0, 
56, 133, 0, 
56, 134, 0, 
56, 135, 0, 
56, 136, 0, 
56, 137, 0, 
56, 138, 0, 
56, 139, 0, 
56, 140, 0, 
56, 150, 0, 
56, 151, 0, 
56, 152, 0, 
56, 153, 0, 
56, 154, 0, 
56, 155, 0, 
57, 2, 0, 
57, 4, 0, 
57, 6, 0, 
57, 7, 2, 
57, 8, 0, 
57, 12, 0, 
57, 50, 0, 
57, 51, 0, 
57, 52, 0, 
57, 53, 0, 
57, 54, 0, 
57, 65, 45, 
57, 66, 0, 
57, 67, 0, 
57, 68, 0, 
57, 69, 0, 
57, 72, 0, 
57, 73, 0, 
57, 74, 0, 
57, 75, 0, 
57, 76, 0, 
57, 131, 0, 
57, 132, 0, 
57, 133, 0, 
57, 134, 0, 
57, 135, 0, 
57, 136, 0, 
57, 137, 0, 
57, 138, 0, 
57, 139, 0, 
57, 140, 0, 
57, 151, 0, 
57, 152, 0, 
57, 153, 0, 
57, 154, 0, 
57, 155, 0, 
58, 2, 0, 
58, 4, 0, 
58, 6, 3, 
58, 7, 2, 
58, 8, 2, 
58, 12, 0, 
58, 51, 0, 
58, 52, 0, 
58, 53, 0, 
58, 54, 0, 
58, 66, 37, 
58, 67, 0, 
58, 68, 0, 
58, 69, 0, 
58, 73, 0, 
58, 74, 0, 
58, 75, 0, 
58, 76, 0, 
58, 133, 0, 
58, 134, 0, 
58, 135, 0, 
58, 136, 0, 
58, 137, 0, 
58, 138, 0, 
58, 139, 0, 
58, 140, 0, 
58, 152, 0, 
58, 153, 0, 
58, 154, 0, 
58, 155, 0, 
59, 2, 0, 
59, 4, 0, 
59, 6, 0, 
59, 7, 0, 
59, 8, 1, 
59, 12, 0, 
59, 52, 0, 
59, 53, 0, 
59, 54, 0, 
59, 67, 24, 
59, 68, 0, 
59, 69, 0, 
59, 74, 0, 
59, 75, 0, 
59, 76, 0, 
59, 135, 0, 
59, 136, 0, 
59, 137, 0, 
59, 138, 0, 
59, 139, 0, 
59, 140, 0, 
59, 153, 0, 
59, 154, 0, 
59, 155, 0, 
60, 2, 0, 
60, 4, 0, 
60, 6, 0, 
60, 7, 0, 
60, 8, 0, 
60, 12, 0, 
60, 53, 0, 
60, 54, 0, 
60, 68, 3, 
60, 69, 0, 
60, 75, 0, 
60, 76, 0, 
60, 137, 0, 
60, 138, 0, 
60, 139, 0, 
60, 140, 0, 
60, 154, 0, 
60, 155, 0, 
61, 2, 0, 
61, 4, 0, 
61, 6, 0, 
61, 7, 0, 
61, 8, 1, 
61, 12, 0, 
61, 54, 0, 
61, 69, 0, 
61, 76, 0, 
61, 139, 0, 
61, 140, 0, 
61, 155, 0, 
62, 2, 0, 
62, 4, 0, 
62, 6, 0, 
62, 7, 0, 
62, 8, 0, 
62, 12, 0, 
63, 2, 1, 
63, 4, 7, 
63, 6, 0, 
63, 7, 0, 
63, 8, 0, 
63, 12, 0, 
63, 56, 0, 
63, 57, 0, 
63, 58, 0, 
63, 59, 0, 
63, 60, 0, 
63, 61, 0, 
63, 62, 0, 
63, 70, 1, 
63, 71, 0, 
63, 72, 0, 
63, 73, 0, 
63, 74, 0, 
63, 75, 0, 
63, 76, 0, 
63, 127, 0, 
63, 129, 0, 
63, 131, 0, 
63, 133, 0, 
63, 135, 0, 
63, 137, 0, 
63, 139, 0, 
63, 142, 0, 
63, 143, 0, 
63, 144, 0, 
63, 145, 0, 
63, 146, 0, 
63, 147, 0, 
63, 148, 0, 
64, 2, 0, 
64, 4, 0, 
64, 6, 0, 
64, 7, 0, 
64, 8, 0, 
64, 12, 0, 
64, 57, 0, 
64, 58, 0, 
64, 59, 0, 
64, 60, 0, 
64, 61, 0, 
64, 62, 0, 
64, 71, 0, 
64, 72, 0, 
64, 73, 0, 
64, 74, 0, 
64, 75, 0, 
64, 76, 0, 
64, 129, 0, 
64, 131, 0, 
64, 133, 0, 
64, 135, 0, 
64, 137, 0, 
64, 139, 0, 
64, 143, 0, 
64, 144, 0, 
64, 145, 0, 
64, 146, 0, 
64, 147, 0, 
64, 148, 0, 
65, 2, 3, 
65, 4, 13, 
65, 6, 0, 
65, 7, 0, 
65, 8, 0, 
65, 12, 23, 
65, 58, 0, 
65, 59, 0, 
65, 60, 0, 
65, 61, 0, 
65, 62, 0, 
65, 72, 6, 
65, 73, 0, 
65, 74, 0, 
65, 75, 0, 
65, 76, 0, 
65, 131, 0, 
65, 133, 0, 
65, 135, 0, 
65, 137, 0, 
65, 139, 0, 
65, 144, 0, 
65, 145, 0, 
65, 146, 0, 
65, 147, 0, 
65, 148, 0, 
66, 2, 0, 
66, 4, 18, 
66, 6, 0, 
66, 7, 5, 
66, 8, 0, 
66, 12, 11, 
66, 59, 0, 
66, 60, 0, 
66, 61, 0, 
66, 62, 0, 
66, 73, 3, 
66, 74, 0, 
66, 75, 0, 
66, 76, 0, 
66, 133, 0, 
66, 135, 0, 
66, 137, 0, 
66, 139, 0, 
66, 145, 0, 
66, 146, 0, 
66, 147, 0, 
66, 148, 0, 
67, 2, 0, 
67, 4, 7, 
67, 6, 0, 
67, 7, 1, 
67, 8, 0, 
67, 12, 14, 
67, 60, 0, 
67, 61, 0, 
67, 62, 0, 
67, 74, 2, 
67, 75, 0, 
67, 76, 0, 
67, 135, 0, 
67, 137, 0, 
67, 139, 0, 
67, 146, 0, 
67, 147, 0, 
67, 148, 0, 
68, 2, 0, 
68, 4, 1, 
68, 6, 0, 
68, 7, 0, 
68, 8, 0, 
68, 12, 2, 
68, 61, 0, 
68, 62, 0, 
68, 75, 0, 
68, 76, 0, 
68, 137, 0, 
68, 139, 0, 
68, 147, 0, 
68, 148, 0, 
69, 2, 0, 
69, 4, 0, 
69, 6, 0, 
69, 7, 0, 
69, 8, 0, 
69, 12, 0, 
69, 62, 0, 
69, 76, 0, 
69, 139, 0, 
69, 148, 0, 
70, 2, 0, 
70, 4, 1, 
70, 6, 0, 
70, 7, 0, 
70, 12, 0, 
70, 56, 0, 
70, 57, 0, 
70, 58, 0, 
70, 59, 0, 
70, 60, 0, 
70, 61, 0, 
70, 62, 0, 
70, 64, 0, 
70, 65, 0, 
70, 66, 0, 
70, 67, 0, 
70, 68, 0, 
70, 69, 0, 
70, 128, 0, 
70, 130, 0, 
70, 132, 0, 
70, 134, 0, 
70, 136, 0, 
70, 138, 0, 
70, 140, 0, 
70, 142, 0, 
70, 143, 0, 
70, 144, 0, 
70, 145, 0, 
70, 146, 0, 
70, 147, 0, 
70, 148, 0, 
71, 2, 0, 
71, 4, 0, 
71, 6, 0, 
71, 7, 0, 
71, 12, 0, 
71, 57, 0, 
71, 58, 0, 
71, 59, 0, 
71, 60, 0, 
71, 61, 0, 
71, 62, 0, 
71, 65, 0, 
71, 66, 0, 
71, 67, 0, 
71, 68, 0, 
71, 69, 0, 
71, 130, 0, 
71, 132, 0, 
71, 134, 0, 
71, 136, 0, 
71, 138, 0, 
71, 140, 0, 
71, 143, 0, 
71, 144, 0, 
71, 145, 0, 
71, 146, 0, 
71, 147, 0, 
71, 148, 0, 
72, 2, 0, 
72, 4, 0, 
72, 6, 0, 
72, 7, 0, 
72, 12, 6, 
72, 58, 0, 
72, 59, 0, 
72, 60, 0, 
72, 61, 0, 
72, 62, 0, 
72, 66, 0, 
72, 67, 0, 
72, 68, 0, 
72, 69, 0, 
72, 132, 0, 
72, 134, 0, 
72, 136, 0, 
72, 138, 0, 
72, 140, 0, 
72, 144, 0, 
72, 145, 0, 
72, 146, 0, 
72, 147, 0, 
72, 148, 0, 
73, 2, 0, 
73, 4, 0, 
73, 6, 0, 
73, 7, 0, 
73, 12, 3, 
73, 59, 0, 
73, 60, 0, 
73, 61, 0, 
73, 62, 0, 
73, 67, 0, 
73, 68, 0, 
73, 69, 0, 
73, 134, 0, 
73, 136, 0, 
73, 138, 0, 
73, 140, 0, 
73, 145, 0, 
73, 146, 0, 
73, 147, 0, 
73, 148, 0, 
74, 2, 0, 
74, 4, 0, 
74, 6, 0, 
74, 7, 0, 
74, 12, 2, 
74, 60, 0, 
74, 61, 0, 
74, 62, 0, 
74, 68, 0, 
74, 69, 0, 
74, 136, 0, 
74, 138, 0, 
74, 140, 0, 
74, 146, 0, 
74, 147, 0, 
74, 148, 0, 
75, 2, 0, 
75, 4, 0, 
75, 6, 0, 
75, 7, 0, 
75, 12, 0, 
75, 61, 0, 
75, 62, 0, 
75, 69, 0, 
75, 138, 0, 
75, 140, 0, 
75, 147, 0, 
75, 148, 0, 
76, 2, 0, 
76, 4, 0, 
76, 6, 0, 
76, 7, 0, 
76, 12, 0, 
76, 62, 0, 
76, 140, 0, 
76, 148, 0, 
77, 1, 0, 
77, 3, 0, 
77, 5, 0, 
77, 9, 0, 
77, 11, 0, 
77, 13, 0, 
77, 14, 0, 
77, 15, 0, 
77, 16, 0, 
77, 17, 0, 
77, 18, 0, 
77, 19, 0, 
77, 20, 0, 
77, 21, 0, 
77, 22, 0, 
77, 23, 0, 
77, 24, 0, 
77, 25, 0, 
77, 26, 0, 
77, 27, 0, 
77, 28, 0, 
77, 29, 0, 
77, 30, 0, 
77, 31, 0, 
77, 32, 0, 
77, 33, 0, 
77, 34, 0, 
77, 35, 0, 
77, 36, 0, 
77, 37, 0, 
77, 38, 0, 
77, 39, 0, 
77, 40, 0, 
77, 41, 0, 
77, 42, 0, 
77, 43, 0, 
77, 44, 0, 
77, 45, 0, 
77, 46, 0, 
77, 78, 0, 
77, 80, 0, 
77, 82, 0, 
77, 84, 0, 
77, 86, 0, 
77, 88, 0, 
77, 90, 0, 
77, 92, 0, 
77, 93, 0, 
77, 94, 0, 
77, 95, 0, 
77, 96, 0, 
77, 97, 0, 
77, 98, 0, 
77, 99, 0, 
77, 100, 0, 
77, 156, 0, 
77, 157, 0, 
77, 158, 0, 
77, 159, 0, 
77, 160, 0, 
77, 161, 0, 
77, 162, 0, 
77, 163, 0, 
77, 164, 0, 
77, 165, 0, 
77, 166, 0, 
77, 167, 0, 
77, 168, 0, 
77, 169, 0, 
77, 170, 0, 
77, 171, 0, 
77, 172, 0, 
77, 173, 0, 
77, 174, 0, 
77, 175, 0, 
77, 176, 0, 
77, 177, 0, 
77, 178, 0, 
77, 179, 0, 
77, 180, 0, 
77, 181, 0, 
77, 182, 0, 
77, 183, 0, 
77, 208, 0, 
77, 209, 0, 
77, 210, 0, 
77, 211, 0, 
77, 212, 0, 
77, 213, 0, 
77, 214, 0, 
77, 215, 0, 
77, 216, 0, 
77, 217, 0, 
77, 218, 0, 
77, 219, 0, 
77, 220, 0, 
77, 221, 0, 
78, 0, 0, 
78, 3, 0, 
78, 9, 0, 
78, 10, 0, 
78, 11, 0, 
78, 13, 0, 
78, 14, 0, 
78, 31, 0, 
78, 32, 0, 
78, 33, 0, 
78, 34, 0, 
78, 35, 0, 
78, 36, 0, 
78, 37, 0, 
78, 38, 0, 
78, 39, 0, 
78, 40, 0, 
78, 41, 0, 
78, 42, 0, 
78, 43, 0, 
78, 44, 0, 
78, 45, 0, 
78, 46, 0, 
78, 79, 0, 
78, 81, 0, 
78, 83, 0, 
78, 85, 0, 
78, 87, 0, 
78, 89, 0, 
78, 91, 0, 
78, 93, 0, 
78, 94, 0, 
78, 95, 0, 
78, 96, 0, 
78, 97, 0, 
78, 98, 0, 
78, 99, 0, 
78, 100, 0, 
78, 156, 0, 
78, 157, 0, 
78, 158, 0, 
78, 159, 0, 
78, 160, 0, 
78, 161, 0, 
78, 162, 0, 
78, 163, 0, 
78, 164, 0, 
78, 165, 0, 
78, 166, 0, 
78, 167, 0, 
78, 168, 0, 
78, 169, 0, 
78, 208, 0, 
78, 209, 0, 
78, 210, 0, 
78, 211, 0, 
78, 212, 0, 
78, 213, 0, 
78, 214, 0, 
78, 222, 0, 
78, 223, 0, 
78, 224, 0, 
78, 225, 0, 
78, 226, 0, 
78, 227, 0, 
78, 228, 0, 
78, 229, 0, 
79, 1, 0, 
79, 3, 0, 
79, 5, 0, 
79, 9, 0, 
79, 11, 0, 
79, 13, 0, 
79, 14, 0, 
79, 17, 0, 
79, 18, 0, 
79, 19, 0, 
79, 20, 0, 
79, 21, 0, 
79, 22, 0, 
79, 23, 0, 
79, 24, 0, 
79, 25, 0, 
79, 26, 0, 
79, 27, 0, 
79, 28, 0, 
79, 29, 0, 
79, 30, 0, 
79, 32, 0, 
79, 33, 0, 
79, 34, 0, 
79, 35, 0, 
79, 36, 0, 
79, 37, 0, 
79, 38, 0, 
79, 40, 0, 
79, 41, 0, 
79, 42, 0, 
79, 43, 0, 
79, 44, 0, 
79, 45, 0, 
79, 46, 0, 
79, 80, 0, 
79, 82, 0, 
79, 84, 0, 
79, 86, 0, 
79, 88, 0, 
79, 90, 0, 
79, 92, 0, 
79, 94, 0, 
79, 95, 0, 
79, 96, 0, 
79, 97, 0, 
79, 98, 0, 
79, 99, 0, 
79, 100, 0, 
79, 156, 0, 
79, 157, 0, 
79, 158, 0, 
79, 159, 0, 
79, 160, 0, 
79, 161, 0, 
79, 162, 0, 
79, 163, 0, 
79, 164, 0, 
79, 165, 0, 
79, 166, 0, 
79, 167, 0, 
79, 168, 0, 
79, 169, 0, 
79, 170, 0, 
79, 171, 0, 
79, 172, 0, 
79, 173, 0, 
79, 174, 0, 
79, 175, 0, 
79, 176, 0, 
79, 177, 0, 
79, 178, 0, 
79, 179, 0, 
79, 180, 0, 
79, 181, 0, 
79, 182, 0, 
79, 183, 0, 
79, 208, 0, 
79, 209, 0, 
79, 210, 0, 
79, 211, 0, 
79, 212, 0, 
79, 213, 0, 
79, 214, 0, 
79, 215, 0, 
79, 216, 0, 
79, 217, 0, 
79, 218, 0, 
79, 219, 0, 
79, 220, 0, 
79, 221, 0, 
80, 0, 0, 
80, 3, 0, 
80, 9, 0, 
80, 10, 0, 
80, 11, 0, 
80, 13, 0, 
80, 14, 0, 
80, 32, 0, 
80, 33, 0, 
80, 34, 0, 
80, 35, 0, 
80, 36, 0, 
80, 37, 0, 
80, 38, 0, 
80, 40, 0, 
80, 41, 0, 
80, 42, 0, 
80, 43, 0, 
80, 44, 0, 
80, 45, 0, 
80, 46, 0, 
80, 81, 0, 
80, 83, 0, 
80, 85, 0, 
80, 87, 0, 
80, 89, 0, 
80, 91, 0, 
80, 94, 0, 
80, 95, 0, 
80, 96, 0, 
80, 97, 0, 
80, 98, 0, 
80, 99, 0, 
80, 100, 0, 
80, 156, 0, 
80, 157, 0, 
80, 158, 0, 
80, 159, 0, 
80, 160, 0, 
80, 161, 0, 
80, 162, 0, 
80, 163, 0, 
80, 164, 0, 
80, 165, 0, 
80, 166, 0, 
80, 167, 0, 
80, 168, 0, 
80, 169, 0, 
80, 209, 0, 
80, 210, 0, 
80, 211, 0, 
80, 212, 0, 
80, 213, 0, 
80, 214, 0, 
80, 222, 0, 
80, 223, 0, 
80, 224, 0, 
80, 225, 0, 
80, 226, 0, 
80, 227, 0, 
80, 228, 0, 
80, 229, 0, 
81, 1, 0, 
81, 3, 0, 
81, 5, 0, 
81, 9, 0, 
81, 11, 0, 
81, 13, 0, 
81, 14, 0, 
81, 19, 0, 
81, 20, 0, 
81, 21, 0, 
81, 22, 0, 
81, 23, 0, 
81, 24, 0, 
81, 25, 0, 
81, 26, 0, 
81, 27, 0, 
81, 28, 0, 
81, 29, 0, 
81, 30, 0, 
81, 33, 0, 
81, 34, 0, 
81, 35, 0, 
81, 36, 0, 
81, 37, 0, 
81, 38, 0, 
81, 41, 0, 
81, 42, 0, 
81, 43, 0, 
81, 44, 0, 
81, 45, 0, 
81, 46, 0, 
81, 82, 2, 
81, 84, 0, 
81, 86, 0, 
81, 88, 0, 
81, 90, 0, 
81, 92, 0, 
81, 95, 0, 
81, 96, 0, 
81, 97, 0, 
81, 98, 0, 
81, 99, 0, 
81, 100, 0, 
81, 157, 0, 
81, 158, 0, 
81, 159, 0, 
81, 160, 0, 
81, 161, 0, 
81, 162, 0, 
81, 164, 0, 
81, 165, 0, 
81, 166, 0, 
81, 167, 0, 
81, 168, 0, 
81, 169, 0, 
81, 171, 0, 
81, 172, 0, 
81, 173, 0, 
81, 174, 0, 
81, 175, 0, 
81, 176, 0, 
81, 178, 0, 
81, 179, 0, 
81, 180, 0, 
81, 181, 0, 
81, 182, 0, 
81, 183, 0, 
81, 209, 0, 
81, 210, 0, 
81, 211, 0, 
81, 212, 0, 
81, 213, 0, 
81, 214, 0, 
81, 216, 0, 
81, 217, 0, 
81, 218, 0, 
81, 219, 0, 
81, 220, 0, 
81, 221, 0, 
82, 0, 0, 
82, 3, 0, 
82, 9, 0, 
82, 10, 0, 
82, 11, 0, 
82, 13, 0, 
82, 14, 0, 
82, 33, 0, 
82, 34, 0, 
82, 35, 0, 
82, 36, 0, 
82, 37, 0, 
82, 38, 0, 
82, 41, 0, 
82, 42, 0, 
82, 43, 0, 
82, 44, 0, 
82, 45, 0, 
82, 46, 0, 
82, 83, 0, 
82, 85, 0, 
82, 87, 0, 
82, 89, 0, 
82, 91, 0, 
82, 95, 27, 
82, 96, 0, 
82, 97, 0, 
82, 98, 0, 
82, 99, 0, 
82, 100, 0, 
82, 157, 0, 
82, 158, 0, 
82, 159, 0, 
82, 160, 0, 
82, 161, 0, 
82, 162, 0, 
82, 164, 0, 
82, 165, 0, 
82, 166, 0, 
82, 167, 0, 
82, 168, 0, 
82, 169, 0, 
82, 210, 0, 
82, 211, 0, 
82, 212, 0, 
82, 213, 0, 
82, 214, 0, 
82, 223, 0, 
82, 224, 0, 
82, 225, 0, 
82, 226, 0, 
82, 227, 0, 
82, 228, 0, 
82, 229, 0, 
83, 1, 0, 
83, 3, 0, 
83, 5, 0, 
83, 9, 0, 
83, 11, 0, 
83, 13, 0, 
83, 14, 0, 
83, 21, 0, 
83, 22, 0, 
83, 23, 0, 
83, 24, 0, 
83, 25, 0, 
83, 26, 0, 
83, 27, 0, 
83, 28, 0, 
83, 29, 0, 
83, 30, 0, 
83, 34, 0, 
83, 35, 0, 
83, 36, 0, 
83, 37, 0, 
83, 38, 0, 
83, 42, 0, 
83, 43, 0, 
83, 44, 0, 
83, 45, 0, 
83, 46, 0, 
83, 84, 14, 
83, 86, 0, 
83, 88, 0, 
83, 90, 0, 
83, 92, 0, 
83, 96, 0, 
83, 97, 0, 
83, 98, 0, 
83, 99, 0, 
83, 100, 0, 
83, 158, 0, 
83, 159, 0, 
83, 160, 0, 
83, 161, 0, 
83, 162, 0, 
83, 165, 0, 
83, 166, 0, 
83, 167, 0, 
83, 168, 0, 
83, 169, 0, 
83, 172, 0, 
83, 173, 0, 
83, 174, 0, 
83, 175, 0, 
83, 176, 0, 
83, 179, 0, 
83, 180, 0, 
83, 181, 0, 
83, 182, 0, 
83, 183, 0, 
83, 210, 0, 
83, 211, 0, 
83, 212, 0, 
83, 213, 0, 
83, 214, 0, 
83, 217, 0, 
83, 218, 0, 
83, 219, 0, 
83, 220, 0, 
83, 221, 0, 
84, 0, 0, 
84, 3, 0, 
84, 9, 0, 
84, 10, 0, 
84, 11, 2, 
84, 13, 0, 
84, 14, 0, 
84, 34, 0, 
84, 35, 0, 
84, 36, 0, 
84, 37, 0, 
84, 38, 0, 
84, 42, 0, 
84, 43, 0, 
84, 44, 0, 
84, 45, 0, 
84, 46, 0, 
84, 85, 0, 
84, 87, 0, 
84, 89, 0, 
84, 91, 0, 
84, 96, 13, 
84, 97, 0, 
84, 98, 0, 
84, 99, 0, 
84, 100, 0, 
84, 158, 0, 
84, 159, 0, 
84, 160, 0, 
84, 161, 0, 
84, 162, 0, 
84, 165, 0, 
84, 166, 0, 
84, 167, 0, 
84, 168, 0, 
84, 169, 0, 
84, 211, 0, 
84, 212, 0, 
84, 213, 0, 
84, 214, 0, 
84, 224, 0, 
84, 225, 0, 
84, 226, 0, 
84, 227, 0, 
84, 228, 0, 
84, 229, 2, 
85, 1, 0, 
85, 3, 0, 
85, 5, 0, 
85, 9, 0, 
85, 11, 0, 
85, 13, 0, 
85, 14, 0, 
85, 23, 0, 
85, 24, 0, 
85, 25, 0, 
85, 26, 0, 
85, 27, 0, 
85, 28, 0, 
85, 29, 0, 
85, 30, 0, 
85, 35, 0, 
85, 36, 0, 
85, 37, 0, 
85, 38, 0, 
85, 43, 0, 
85, 44, 0, 
85, 45, 0, 
85, 46, 0, 
85, 86, 6, 
85, 88, 0, 
85, 90, 0, 
85, 92, 0, 
85, 97, 0, 
85, 98, 0, 
85, 99, 0, 
85, 100, 0, 
85, 159, 0, 
85, 160, 0, 
85, 161, 0, 
85, 162, 0, 
85, 166, 0, 
85, 167, 0, 
85, 168, 0, 
85, 169, 0, 
85, 173, 0, 
85, 174, 0, 
85, 175, 0, 
85, 176, 0, 
85, 180, 0, 
85, 181, 0, 
85, 182, 0, 
85, 183, 0, 
85, 211, 0, 
85, 212, 0, 
85, 213, 0, 
85, 214, 0, 
85, 218, 0, 
85, 219, 0, 
85, 220, 0, 
85, 221, 0, 
86, 0, 0, 
86, 3, 0, 
86, 9, 0, 
86, 10, 0, 
86, 11, 0, 
86, 13, 0, 
86, 14, 0, 
86, 35, 0, 
86, 36, 0, 
86, 37, 0, 
86, 38, 0, 
86, 43, 0, 
86, 44, 0, 
86, 45, 0, 
86, 46, 0, 
86, 87, 0, 
86, 89, 0, 
86, 91, 0, 
86, 97, 31, 
86, 98, 0, 
86, 99, 0, 
86, 100, 0, 
86, 159, 0, 
86, 160, 0, 
86, 161, 0, 
86, 162, 0, 
86, 166, 0, 
86, 167, 0, 
86, 168, 0, 
86, 169, 0, 
86, 212, 0, 
86, 213, 0, 
86, 214, 0, 
86, 225, 0, 
86, 226, 0, 
86, 227, 0, 
86, 228, 0, 
86, 229, 0, 
87, 1, 0, 
87, 3, 0, 
87, 5, 0, 
87, 9, 0, 
87, 11, 0, 
87, 13, 0, 
87, 14, 0, 
87, 25, 0, 
87, 26, 0, 
87, 27, 0, 
87, 28, 0, 
87, 29, 0, 
87, 30, 0, 
87, 36, 0, 
87, 37, 0, 
87, 38, 0, 
87, 44, 0, 
87, 45, 0, 
87, 46, 0, 
87, 88, 16, 
87, 90, 0, 
87, 92, 0, 
87, 98, 0, 
87, 99, 0, 
87, 100, 0, 
87, 160, 0, 
87, 161, 0, 
87, 162, 0, 
87, 167, 0, 
87, 168, 0, 
87, 169, 0, 
87, 174, 0, 
87, 175, 0, 
87, 176, 0, 
87, 181, 0, 
87, 182, 0, 
87, 183, 0, 
87, 212, 0, 
87, 213, 0, 
87, 214, 0, 
87, 219, 0, 
87, 220, 0, 
87, 221, 0, 
88, 0, 0, 
88, 3, 0, 
88, 9, 0, 
88, 10, 0, 
88, 11, 4, 
88, 13, 0, 
88, 14, 0, 
88, 36, 0, 
88, 37, 0, 
88, 38, 0, 
88, 44, 0, 
88, 45, 0, 
88, 46, 0, 
88, 89, 0, 
88, 91, 0, 
88, 98, 46, 
88, 99, 0, 
88, 100, 0, 
88, 160, 0, 
88, 161, 0, 
88, 162, 0, 
88, 167, 0, 
88, 168, 0, 
88, 169, 0, 
88, 213, 0, 
88, 214, 0, 
88, 226, 0, 
88, 227, 0, 
88, 228, 0, 
88, 229, 5, 
89, 1, 0, 
89, 3, 0, 
89, 5, 0, 
89, 9, 0, 
89, 11, 0, 
89, 13, 0, 
89, 14, 0, 
89, 27, 0, 
89, 28, 0, 
89, 29, 0, 
89, 30, 0, 
89, 37, 0, 
89, 38, 0, 
89, 45, 0, 
89, 46, 0, 
89, 90, 20, 
89, 92, 0, 
89, 99, 0, 
89, 100, 0, 
89, 161, 0, 
89, 162, 0, 
89, 168, 0, 
89, 169, 0, 
89, 175, 0, 
89, 176, 0, 
89, 182, 0, 
89, 183, 0, 
89, 213, 0, 
89, 214, 0, 
89, 220, 0, 
89, 221, 0, 
90, 0, 0, 
90, 3, 0, 
90, 9, 0, 
90, 10, 0, 
90, 11, 6, 
90, 13, 0, 
90, 14, 0, 
90, 37, 0, 
90, 38, 0, 
90, 45, 0, 
90, 46, 0, 
90, 91, 0, 
90, 99, 39, 
90, 100, 0, 
90, 161, 0, 
90, 162, 0, 
90, 168, 0, 
90, 169, 0, 
90, 214, 0, 
90, 227, 0, 
90, 228, 0, 
90, 229, 4, 
91, 1, 0, 
91, 3, 0, 
91, 5, 0, 
91, 9, 0, 
91, 11, 0, 
91, 13, 0, 
91, 14, 0, 
91, 29, 0, 
91, 30, 0, 
91, 38, 0, 
91, 46, 0, 
91, 92, 16, 
91, 100, 0, 
91, 162, 0, 
91, 169, 0, 
91, 176, 0, 
91, 183, 0, 
91, 214, 0, 
91, 221, 0, 
92, 0, 0, 
92, 3, 0, 
92, 9, 0, 
92, 10, 0, 
92, 11, 5, 
92, 13, 0, 
92, 14, 0, 
92, 38, 0, 
92, 46, 0, 
92, 100, 18, 
92, 162, 0, 
92, 169, 0, 
92, 228, 0, 
92, 229, 3, 
93, 0, 0, 
93, 10, 0, 
93, 11, 0, 
93, 14, 0, 
93, 79, 0, 
93, 80, 0, 
93, 81, 0, 
93, 82, 0, 
93, 83, 0, 
93, 84, 0, 
93, 85, 0, 
93, 86, 0, 
93, 87, 0, 
93, 88, 0, 
93, 89, 0, 
93, 90, 0, 
93, 91, 0, 
93, 92, 0, 
93, 101, 0, 
93, 102, 0, 
93, 103, 0, 
93, 104, 0, 
93, 105, 0, 
93, 106, 0, 
93, 107, 0, 
93, 108, 0, 
93, 200, 0, 
93, 201, 0, 
93, 202, 0, 
93, 203, 0, 
93, 204, 0, 
93, 205, 0, 
93, 206, 0, 
93, 207, 0, 
93, 215, 0, 
93, 216, 0, 
93, 217, 0, 
93, 218, 0, 
93, 219, 0, 
93, 220, 0, 
93, 221, 0, 
93, 222, 0, 
93, 223, 0, 
93, 224, 0, 
93, 225, 0, 
93, 226, 0, 
93, 227, 0, 
93, 228, 0, 
93, 229, 0, 
94, 0, 0, 
94, 10, 0, 
94, 11, 0, 
94, 14, 0, 
94, 81, 0, 
94, 82, 0, 
94, 83, 0, 
94, 84, 0, 
94, 85, 0, 
94, 86, 0, 
94, 87, 0, 
94, 88, 0, 
94, 89, 0, 
94, 90, 0, 
94, 91, 0, 
94, 92, 0, 
94, 102, 0, 
94, 103, 0, 
94, 104, 0, 
94, 105, 0, 
94, 106, 0, 
94, 107, 0, 
94, 108, 0, 
94, 201, 0, 
94, 202, 0, 
94, 203, 0, 
94, 204, 0, 
94, 205, 0, 
94, 206, 0, 
94, 207, 0, 
94, 216, 0, 
94, 217, 0, 
94, 218, 0, 
94, 219, 0, 
94, 220, 0, 
94, 221, 0, 
94, 222, 0, 
94, 223, 0, 
94, 224, 0, 
94, 225, 0, 
94, 226, 0, 
94, 227, 0, 
94, 228, 0, 
94, 229, 0, 
95, 0, 0, 
95, 10, 1, 
95, 11, 6, 
95, 14, 19, 
95, 83, 0, 
95, 84, 0, 
95, 85, 0, 
95, 86, 0, 
95, 87, 0, 
95, 88, 0, 
95, 89, 0, 
95, 90, 0, 
95, 91, 0, 
95, 92, 0, 
95, 103, 1, 
95, 104, 0, 
95, 105, 0, 
95, 106, 0, 
95, 107, 0, 
95, 108, 0, 
95, 202, 0, 
95, 203, 0, 
95, 204, 0, 
95, 205, 0, 
95, 206, 0, 
95, 207, 0, 
95, 217, 0, 
95, 218, 0, 
95, 219, 0, 
95, 220, 0, 
95, 221, 0, 
95, 223, 0, 
95, 224, 0, 
95, 225, 0, 
95, 226, 0, 
95, 227, 0, 
95, 228, 0, 
95, 229, 0, 
96, 0, 0, 
96, 10, 4, 
96, 11, 0, 
96, 14, 0, 
96, 85, 0, 
96, 86, 0, 
96, 87, 0, 
96, 88, 0, 
96, 89, 0, 
96, 90, 0, 
96, 91, 0, 
96, 92, 0, 
96, 104, 4, 
96, 105, 0, 
96, 106, 0, 
96, 107, 0, 
96, 108, 0, 
96, 203, 0, 
96, 204, 0, 
96, 205, 0, 
96, 206, 0, 
96, 207, 0, 
96, 218, 0, 
96, 219, 0, 
96, 220, 0, 
96, 221, 0, 
96, 224, 0, 
96, 225, 0, 
96, 226, 0, 
96, 227, 0, 
96, 228, 0, 
96, 229, 5, 
97, 0, 0, 
97, 10, 2, 
97, 11, 16, 
97, 14, 7, 
97, 87, 0, 
97, 88, 0, 
97, 89, 0, 
97, 90, 0, 
97, 91, 0, 
97, 92, 0, 
97, 105, 4, 
97, 106, 0, 
97, 107, 0, 
97, 108, 0, 
97, 204, 0, 
97, 205, 0, 
97, 206, 0, 
97, 207, 0, 
97, 219, 0, 
97, 220, 0, 
97, 221, 0, 
97, 225, 0, 
97, 226, 0, 
97, 227, 0, 
97, 228, 0, 
97, 229, 2, 
98, 0, 0, 
98, 10, 2, 
98, 11, 23, 
98, 14, 11, 
98, 89, 0, 
98, 90, 0, 
98, 91, 0, 
98, 92, 0, 
98, 106, 2, 
98, 107, 0, 
98, 108, 0, 
98, 205, 0, 
98, 206, 0, 
98, 207, 0, 
98, 220, 0, 
98, 221, 0, 
98, 226, 0, 
98, 227, 0, 
98, 228, 0, 
98, 229, 8, 
99, 0, 0, 
99, 10, 3, 
99, 11, 16, 
99, 14, 3, 
99, 91, 0, 
99, 92, 0, 
99, 107, 6, 
99, 108, 0, 
99, 206, 0, 
99, 207, 0, 
99, 221, 0, 
99, 227, 0, 
99, 228, 0, 
99, 229, 11, 
100, 0, 0, 
100, 10, 0, 
100, 11, 3, 
100, 14, 0, 
100, 108, 8, 
100, 207, 0, 
100, 228, 0, 
100, 229, 7, 
101, 0, 0, 
101, 10, 0, 
101, 11, 0, 
101, 14, 0, 
101, 94, 0, 
101, 95, 0, 
101, 96, 0, 
101, 97, 0, 
101, 98, 0, 
101, 99, 0, 
101, 100, 0, 
101, 109, 0, 
101, 110, 0, 
101, 111, 0, 
101, 112, 0, 
101, 113, 0, 
101, 114, 0, 
101, 115, 0, 
101, 116, 0, 
101, 117, 0, 
101, 118, 0, 
101, 119, 0, 
101, 120, 0, 
101, 121, 0, 
101, 122, 0, 
101, 123, 0, 
101, 124, 0, 
101, 184, 0, 
101, 185, 0, 
101, 186, 0, 
101, 187, 0, 
101, 188, 0, 
101, 189, 0, 
101, 190, 0, 
101, 191, 0, 
101, 192, 0, 
101, 193, 0, 
101, 194, 0, 
101, 195, 0, 
101, 196, 0, 
101, 197, 0, 
101, 198, 0, 
101, 199, 0, 
101, 208, 0, 
101, 209, 0, 
101, 210, 0, 
101, 211, 0, 
101, 212, 0, 
101, 213, 0, 
101, 214, 0, 
101, 229, 0, 
102, 0, 0, 
102, 10, 0, 
102, 11, 0, 
102, 14, 0, 
102, 95, 0, 
102, 96, 0, 
102, 97, 0, 
102, 98, 0, 
102, 99, 0, 
102, 100, 0, 
102, 110, 0, 
102, 111, 0, 
102, 112, 0, 
102, 113, 0, 
102, 114, 0, 
102, 115, 0, 
102, 116, 0, 
102, 118, 0, 
102, 119, 0, 
102, 120, 0, 
102, 121, 0, 
102, 122, 0, 
102, 123, 0, 
102, 124, 0, 
102, 186, 0, 
102, 187, 0, 
102, 188, 0, 
102, 189, 0, 
102, 190, 0, 
102, 191, 0, 
102, 192, 0, 
102, 193, 0, 
102, 194, 0, 
102, 195, 0, 
102, 196, 0, 
102, 197, 0, 
102, 198, 0, 
102, 199, 0, 
102, 209, 0, 
102, 210, 0, 
102, 211, 0, 
102, 212, 0, 
102, 213, 0, 
102, 214, 0, 
102, 229, 0, 
103, 0, 0, 
103, 10, 1, 
103, 11, 0, 
103, 14, 0, 
103, 96, 0, 
103, 97, 0, 
103, 98, 0, 
103, 99, 0, 
103, 100, 0, 
103, 111, 0, 
103, 112, 0, 
103, 113, 0, 
103, 114, 0, 
103, 115, 0, 
103, 116, 0, 
103, 119, 0, 
103, 120, 0, 
103, 121, 0, 
103, 122, 0, 
103, 123, 0, 
103, 124, 0, 
103, 188, 0, 
103, 189, 0, 
103, 190, 0, 
103, 191, 0, 
103, 192, 0, 
103, 193, 0, 
103, 194, 0, 
103, 195, 0, 
103, 196, 0, 
103, 197, 0, 
103, 198, 0, 
103, 199, 0, 
103, 210, 0, 
103, 211, 0, 
103, 212, 0, 
103, 213, 0, 
103, 214, 0, 
103, 229, 0, 
104, 0, 0, 
104, 10, 4, 
104, 11, 0, 
104, 14, 0, 
104, 97, 0, 
104, 98, 0, 
104, 99, 0, 
104, 100, 0, 
104, 112, 0, 
104, 113, 0, 
104, 114, 0, 
104, 115, 0, 
104, 116, 0, 
104, 120, 0, 
104, 121, 0, 
104, 122, 0, 
104, 123, 0, 
104, 124, 0, 
104, 190, 0, 
104, 191, 0, 
104, 192, 0, 
104, 193, 0, 
104, 194, 0, 
104, 195, 0, 
104, 196, 0, 
104, 197, 0, 
104, 198, 0, 
104, 199, 0, 
104, 211, 0, 
104, 212, 0, 
104, 213, 0, 
104, 214, 0, 
104, 229, 0, 
105, 0, 0, 
105, 10, 4, 
105, 11, 0, 
105, 14, 0, 
105, 98, 0, 
105, 99, 0, 
105, 100, 0, 
105, 113, 0, 
105, 114, 0, 
105, 115, 0, 
105, 116, 0, 
105, 121, 0, 
105, 122, 0, 
105, 123, 0, 
105, 124, 0, 
105, 192, 0, 
105, 193, 0, 
105, 194, 0, 
105, 195, 0, 
105, 196, 0, 
105, 197, 0, 
105, 198, 0, 
105, 199, 0, 
105, 212, 0, 
105, 213, 0, 
105, 214, 0, 
105, 229, 0, 
106, 0, 0, 
106, 10, 2, 
106, 11, 0, 
106, 14, 0, 
106, 99, 0, 
106, 100, 0, 
106, 114, 0, 
106, 115, 0, 
106, 116, 0, 
106, 122, 0, 
106, 123, 0, 
106, 124, 0, 
106, 194, 0, 
106, 195, 0, 
106, 196, 0, 
106, 197, 0, 
106, 198, 0, 
106, 199, 0, 
106, 213, 0, 
106, 214, 0, 
106, 229, 0, 
107, 0, 0, 
107, 10, 6, 
107, 11, 0, 
107, 14, 0, 
107, 100, 0, 
107, 115, 0, 
107, 116, 0, 
107, 123, 0, 
107, 124, 0, 
107, 196, 0, 
107, 197, 0, 
107, 198, 0, 
107, 199, 0, 
107, 214, 0, 
107, 229, 0, 
108, 0, 0, 
108, 10, 8, 
108, 11, 0, 
108, 14, 0, 
108, 116, 0, 
108, 124, 0, 
108, 198, 0, 
108, 199, 0, 
108, 229, 0, 
109, 0, 0, 
109, 10, 0, 
109, 102, 0, 
109, 103, 0, 
109, 104, 0, 
109, 105, 0, 
109, 106, 0, 
109, 107, 0, 
109, 108, 0, 
109, 117, 0, 
109, 118, 0, 
109, 119, 0, 
109, 120, 0, 
109, 121, 0, 
109, 122, 0, 
109, 123, 0, 
109, 124, 0, 
109, 186, 0, 
109, 188, 0, 
109, 190, 0, 
109, 192, 0, 
109, 194, 0, 
109, 196, 0, 
109, 198, 0, 
109, 200, 0, 
109, 201, 0, 
109, 202, 0, 
109, 203, 0, 
109, 204, 0, 
109, 205, 0, 
109, 206, 0, 
109, 207, 0, 
109, 229, 0, 
110, 0, 0, 
110, 10, 0, 
110, 103, 0, 
110, 104, 0, 
110, 105, 0, 
110, 106, 0, 
110, 107, 0, 
110, 108, 0, 
110, 118, 0, 
110, 119, 0, 
110, 120, 0, 
110, 121, 0, 
110, 122, 0, 
110, 123, 0, 
110, 124, 0, 
110, 188, 0, 
110, 190, 0, 
110, 192, 0, 
110, 194, 0, 
110, 196, 0, 
110, 198, 0, 
110, 201, 0, 
110, 202, 0, 
110, 203, 0, 
110, 204, 0, 
110, 205, 0, 
110, 206, 0, 
110, 207, 0, 
110, 229, 0, 
111, 0, 0, 
111, 10, 0, 
111, 104, 0, 
111, 105, 0, 
111, 106, 0, 
111, 107, 0, 
111, 108, 0, 
111, 119, 0, 
111, 120, 0, 
111, 121, 0, 
111, 122, 0, 
111, 123, 0, 
111, 124, 0, 
111, 190, 0, 
111, 192, 0, 
111, 194, 0, 
111, 196, 0, 
111, 198, 0, 
111, 202, 0, 
111, 203, 0, 
111, 204, 0, 
111, 205, 0, 
111, 206, 0, 
111, 207, 0, 
111, 229, 0, 
112, 0, 0, 
112, 10, 0, 
112, 105, 0, 
112, 106, 0, 
112, 107, 0, 
112, 108, 0, 
112, 120, 0, 
112, 121, 0, 
112, 122, 0, 
112, 123, 0, 
112, 124, 0, 
112, 192, 0, 
112, 194, 0, 
112, 196, 0, 
112, 198, 0, 
112, 203, 0, 
112, 204, 0, 
112, 205, 0, 
112, 206, 0, 
112, 207, 0, 
112, 229, 0, 
113, 0, 0, 
113, 10, 0, 
113, 106, 0, 
113, 107, 0, 
113, 108, 0, 
113, 121, 0, 
113, 122, 0, 
113, 123, 0, 
113, 124, 0, 
113, 194, 0, 
113, 196, 0, 
113, 198, 0, 
113, 204, 0, 
113, 205, 0, 
113, 206, 0, 
113, 207, 0, 
113, 229, 0, 
114, 0, 0, 
114, 10, 0, 
114, 107, 0, 
114, 108, 0, 
114, 122, 0, 
114, 123, 0, 
114, 124, 0, 
114, 196, 0, 
114, 198, 0, 
114, 205, 0, 
114, 206, 0, 
114, 207, 0, 
114, 229, 0, 
115, 0, 0, 
115, 10, 0, 
115, 108, 0, 
115, 123, 0, 
115, 124, 0, 
115, 198, 0, 
115, 206, 0, 
115, 207, 0, 
115, 229, 0, 
116, 0, 0, 
116, 10, 0, 
116, 124, 0, 
116, 207, 0, 
116, 229, 0, 
117, 102, 0, 
117, 103, 0, 
117, 104, 0, 
117, 105, 0, 
117, 106, 0, 
117, 107, 0, 
117, 108, 0, 
117, 110, 0, 
117, 111, 0, 
117, 112, 0, 
117, 113, 0, 
117, 114, 0, 
117, 115, 0, 
117, 116, 0, 
117, 187, 0, 
117, 189, 0, 
117, 191, 0, 
117, 193, 0, 
117, 195, 0, 
117, 197, 0, 
117, 199, 0, 
117, 200, 0, 
117, 201, 0, 
117, 202, 0, 
117, 203, 0, 
117, 204, 0, 
117, 205, 0, 
117, 206, 0, 
117, 207, 0, 
118, 103, 0, 
118, 104, 0, 
118, 105, 0, 
118, 106, 0, 
118, 107, 0, 
118, 108, 0, 
118, 111, 0, 
118, 112, 0, 
118, 113, 0, 
118, 114, 0, 
118, 115, 0, 
118, 116, 0, 
118, 189, 0, 
118, 191, 0, 
118, 193, 0, 
118, 195, 0, 
118, 197, 0, 
118, 199, 0, 
118, 201, 0, 
118, 202, 0, 
118, 203, 0, 
118, 204, 0, 
118, 205, 0, 
118, 206, 0, 
118, 207, 0, 
119, 104, 0, 
119, 105, 0, 
119, 106, 0, 
119, 107, 0, 
119, 108, 0, 
119, 112, 0, 
119, 113, 0, 
119, 114, 0, 
119, 115, 0, 
119, 116, 0, 
119, 191, 0, 
119, 193, 0, 
119, 195, 0, 
119, 197, 0, 
119, 199, 0, 
119, 202, 0, 
119, 203, 0, 
119, 204, 0, 
119, 205, 0, 
119, 206, 0, 
119, 207, 0, 
120, 105, 0, 
120, 106, 0, 
120, 107, 0, 
120, 108, 0, 
120, 113, 0, 
120, 114, 0, 
120, 115, 0, 
120, 116, 0, 
120, 193, 0, 
120, 195, 0, 
120, 197, 0, 
120, 199, 0, 
120, 203, 0, 
120, 204, 0, 
120, 205, 0, 
120, 206, 0, 
120, 207, 0, 
121, 106, 0, 
121, 107, 0, 
121, 108, 0, 
121, 114, 0, 
121, 115, 0, 
121, 116, 0, 
121, 195, 0, 
121, 197, 0, 
121, 199, 0, 
121, 204, 0, 
121, 205, 0, 
121, 206, 0, 
121, 207, 0, 
122, 107, 0, 
122, 108, 0, 
122, 115, 0, 
122, 116, 0, 
122, 197, 0, 
122, 199, 0, 
122, 205, 0, 
122, 206, 0, 
122, 207, 0, 
123, 108, 0, 
123, 116, 0, 
123, 199, 0, 
123, 206, 0, 
123, 207, 0, 
124, 207, 0, 
125, 2, 0, 
125, 4, 0, 
125, 6, 0, 
125, 7, 0, 
125, 12, 0, 
125, 55, 0, 
125, 56, 0, 
125, 57, 0, 
125, 58, 0, 
125, 59, 0, 
125, 60, 0, 
125, 61, 0, 
125, 62, 0, 
125, 63, 0, 
125, 64, 0, 
125, 65, 0, 
125, 66, 0, 
125, 67, 0, 
125, 68, 0, 
125, 69, 0, 
125, 126, 0, 
125, 128, 0, 
125, 130, 0, 
125, 132, 0, 
125, 134, 0, 
125, 136, 0, 
125, 138, 0, 
125, 140, 0, 
125, 141, 0, 
125, 142, 0, 
125, 143, 0, 
125, 144, 0, 
125, 145, 0, 
125, 146, 0, 
125, 147, 0, 
125, 148, 0, 
126, 2, 0, 
126, 4, 0, 
126, 6, 0, 
126, 7, 0, 
126, 8, 0, 
126, 12, 0, 
126, 55, 0, 
126, 56, 0, 
126, 57, 0, 
126, 58, 0, 
126, 59, 0, 
126, 60, 0, 
126, 61, 0, 
126, 62, 0, 
126, 70, 0, 
126, 71, 0, 
126, 72, 0, 
126, 73, 0, 
126, 74, 0, 
126, 75, 0, 
126, 76, 0, 
126, 127, 0, 
126, 129, 0, 
126, 131, 0, 
126, 133, 0, 
126, 135, 0, 
126, 137, 0, 
126, 139, 0, 
126, 141, 0, 
126, 142, 0, 
126, 143, 0, 
126, 144, 0, 
126, 145, 0, 
126, 146, 0, 
126, 147, 0, 
126, 148, 0, 
127, 2, 0, 
127, 4, 0, 
127, 6, 0, 
127, 7, 0, 
127, 12, 0, 
127, 56, 0, 
127, 57, 0, 
127, 58, 0, 
127, 59, 0, 
127, 60, 0, 
127, 61, 0, 
127, 62, 0, 
127, 64, 0, 
127, 65, 0, 
127, 66, 0, 
127, 67, 0, 
127, 68, 0, 
127, 69, 0, 
127, 128, 1, 
127, 130, 0, 
127, 132, 0, 
127, 134, 0, 
127, 136, 0, 
127, 138, 0, 
127, 140, 0, 
127, 142, 0, 
127, 143, 0, 
127, 144, 0, 
127, 145, 0, 
127, 146, 0, 
127, 147, 0, 
127, 148, 0, 
128, 2, 0, 
128, 4, 0, 
128, 6, 0, 
128, 7, 0, 
128, 8, 0, 
128, 12, 0, 
128, 56, 0, 
128, 57, 0, 
128, 58, 0, 
128, 59, 0, 
128, 60, 0, 
128, 61, 0, 
128, 62, 0, 
128, 71, 0, 
128, 72, 0, 
128, 73, 0, 
128, 74, 0, 
128, 75, 0, 
128, 76, 0, 
128, 129, 0, 
128, 131, 0, 
128, 133, 0, 
128, 135, 0, 
128, 137, 0, 
128, 139, 0, 
128, 142, 28, 
128, 143, 0, 
128, 144, 0, 
128, 145, 0, 
128, 146, 0, 
128, 147, 0, 
128, 148, 0, 
129, 2, 0, 
129, 4, 0, 
129, 6, 0, 
129, 7, 0, 
129, 12, 0, 
129, 57, 0, 
129, 58, 0, 
129, 59, 0, 
129, 60, 0, 
129, 61, 0, 
129, 62, 0, 
129, 65, 0, 
129, 66, 0, 
129, 67, 0, 
129, 68, 0, 
129, 69, 0, 
129, 130, 0, 
129, 132, 0, 
129, 134, 0, 
129, 136, 0, 
129, 138, 0, 
129, 140, 0, 
129, 143, 0, 
129, 144, 0, 
129, 145, 0, 
129, 146, 0, 
129, 147, 0, 
129, 148, 0, 
130, 2, 0, 
130, 4, 0, 
130, 6, 0, 
130, 7, 0, 
130, 8, 0, 
130, 12, 0, 
130, 57, 0, 
130, 58, 0, 
130, 59, 0, 
130, 60, 0, 
130, 61, 0, 
130, 62, 0, 
130, 72, 0, 
130, 73, 0, 
130, 74, 0, 
130, 75, 0, 
130, 76, 0, 
130, 131, 0, 
130, 133, 0, 
130, 135, 0, 
130, 137, 0, 
130, 139, 0, 
130, 143, 0, 
130, 144, 0, 
130, 145, 0, 
130, 146, 0, 
130, 147, 0, 
130, 148, 0, 
131, 2, 0, 
131, 4, 0, 
131, 6, 0, 
131, 7, 0, 
131, 12, 0, 
131, 58, 0, 
131, 59, 0, 
131, 60, 0, 
131, 61, 0, 
131, 62, 0, 
131, 66, 0, 
131, 67, 0, 
131, 68, 0, 
131, 69, 0, 
131, 132, 12, 
131, 134, 0, 
131, 136, 0, 
131, 138, 0, 
131, 140, 0, 
131, 144, 0, 
131, 145, 0, 
131, 146, 0, 
131, 147, 0, 
131, 148, 0, 
132, 2, 10, 
132, 4, 0, 
132, 6, 2, 
132, 7, 0, 
132, 8, 0, 
132, 12, 0, 
132, 58, 0, 
132, 59, 0, 
132, 60, 0, 
132, 61, 0, 
132, 62, 0, 
132, 73, 0, 
132, 74, 0, 
132, 75, 0, 
132, 76, 0, 
132, 133, 0, 
132, 135, 0, 
132, 137, 0, 
132, 139, 0, 
132, 144, 32, 
132, 145, 0, 
132, 146, 0, 
132, 147, 0, 
132, 148, 0, 
133, 2, 0, 
133, 4, 0, 
133, 6, 0, 
133, 7, 0, 
133, 12, 0, 
133, 59, 0, 
133, 60, 0, 
133, 61, 0, 
133, 62, 0, 
133, 67, 0, 
133, 68, 0, 
133, 69, 0, 
133, 134, 0, 
133, 136, 0, 
133, 138, 0, 
133, 140, 0, 
133, 145, 0, 
133, 146, 0, 
133, 147, 0, 
133, 148, 0, 
134, 2, 0, 
134, 4, 0, 
134, 6, 0, 
134, 7, 0, 
134, 8, 0, 
134, 12, 0, 
134, 59, 0, 
134, 60, 0, 
134, 61, 0, 
134, 62, 0, 
134, 74, 0, 
134, 75, 0, 
134, 76, 0, 
134, 135, 0, 
134, 137, 0, 
134, 139, 0, 
134, 145, 36, 
134, 146, 0, 
134, 147, 0, 
134, 148, 0, 
135, 2, 0, 
135, 4, 0, 
135, 6, 0, 
135, 7, 0, 
135, 12, 0, 
135, 60, 0, 
135, 61, 0, 
135, 62, 0, 
135, 68, 0, 
135, 69, 0, 
135, 136, 0, 
135, 138, 0, 
135, 140, 0, 
135, 146, 0, 
135, 147, 0, 
135, 148, 0, 
136, 2, 0, 
136, 4, 0, 
136, 6, 0, 
136, 7, 0, 
136, 8, 0, 
136, 12, 0, 
136, 60, 0, 
136, 61, 0, 
136, 62, 0, 
136, 75, 0, 
136, 76, 0, 
136, 137, 0, 
136, 139, 0, 
136, 146, 24, 
136, 147, 0, 
136, 148, 0, 
137, 2, 0, 
137, 4, 0, 
137, 6, 0, 
137, 7, 0, 
137, 12, 0, 
137, 61, 0, 
137, 62, 0, 
137, 69, 0, 
137, 138, 0, 
137, 140, 0, 
137, 147, 0, 
137, 148, 0, 
138, 2, 0, 
138, 4, 0, 
138, 6, 0, 
138, 7, 0, 
138, 8, 0, 
138, 12, 0, 
138, 61, 0, 
138, 62, 0, 
138, 76, 0, 
138, 139, 0, 
138, 147, 3, 
138, 148, 0, 
139, 2, 0, 
139, 4, 0, 
139, 6, 0, 
139, 7, 0, 
139, 12, 0, 
139, 62, 0, 
139, 140, 0, 
139, 148, 0, 
140, 2, 0, 
140, 4, 0, 
140, 6, 0, 
140, 7, 0, 
140, 8, 0, 
140, 12, 0, 
140, 62, 0, 
140, 148, 0, 
141, 2, 0, 
141, 4, 0, 
141, 6, 0, 
141, 7, 0, 
141, 8, 0, 
141, 12, 0, 
141, 48, 0, 
141, 49, 0, 
141, 50, 0, 
141, 51, 0, 
141, 52, 0, 
141, 53, 0, 
141, 54, 0, 
141, 63, 0, 
141, 64, 0, 
141, 65, 0, 
141, 66, 0, 
141, 67, 0, 
141, 68, 0, 
141, 69, 0, 
141, 70, 0, 
141, 71, 0, 
141, 72, 0, 
141, 73, 0, 
141, 74, 0, 
141, 75, 0, 
141, 76, 0, 
141, 127, 0, 
141, 128, 0, 
141, 129, 0, 
141, 130, 0, 
141, 131, 0, 
141, 132, 0, 
141, 133, 0, 
141, 134, 0, 
141, 135, 0, 
141, 136, 0, 
141, 137, 0, 
141, 138, 0, 
141, 139, 0, 
141, 140, 0, 
141, 149, 0, 
141, 150, 0, 
141, 151, 0, 
141, 152, 0, 
141, 153, 0, 
141, 154, 0, 
141, 155, 0, 
142, 2, 0, 
142, 4, 0, 
142, 6, 0, 
142, 7, 0, 
142, 8, 0, 
142, 12, 0, 
142, 49, 0, 
142, 50, 0, 
142, 51, 0, 
142, 52, 0, 
142, 53, 0, 
142, 54, 0, 
142, 64, 0, 
142, 65, 0, 
142, 66, 0, 
142, 67, 0, 
142, 68, 0, 
142, 69, 0, 
142, 71, 0, 
142, 72, 0, 
142, 73, 0, 
142, 74, 0, 
142, 75, 0, 
142, 76, 0, 
142, 129, 0, 
142, 130, 0, 
142, 131, 0, 
142, 132, 0, 
142, 133, 0, 
142, 134, 0, 
142, 135, 0, 
142, 136, 0, 
142, 137, 0, 
142, 138, 0, 
142, 139, 0, 
142, 140, 0, 
142, 150, 103, 
142, 151, 0, 
142, 152, 0, 
142, 153, 0, 
142, 154, 0, 
142, 155, 0, 
143, 2, 0, 
143, 4, 0, 
143, 6, 0, 
143, 7, 0, 
143, 8, 0, 
143, 12, 0, 
143, 50, 0, 
143, 51, 0, 
143, 52, 0, 
143, 53, 0, 
143, 54, 0, 
143, 65, 0, 
143, 66, 0, 
143, 67, 0, 
143, 68, 0, 
143, 69, 0, 
143, 72, 0, 
143, 73, 0, 
143, 74, 0, 
143, 75, 0, 
143, 76, 0, 
143, 131, 0, 
143, 132, 0, 
143, 133, 0, 
143, 134, 0, 
143, 135, 0, 
143, 136, 0, 
143, 137, 0, 
143, 138, 0, 
143, 139, 0, 
143, 140, 0, 
143, 151, 7, 
143, 152, 0, 
143, 153, 0, 
143, 154, 0, 
143, 155, 0, 
144, 2, 0, 
144, 4, 0, 
144, 6, 0, 
144, 7, 0, 
144, 8, 0, 
144, 12, 0, 
144, 51, 0, 
144, 52, 0, 
144, 53, 0, 
144, 54, 0, 
144, 66, 0, 
144, 67, 0, 
144, 68, 0, 
144, 69, 0, 
144, 73, 0, 
144, 74, 0, 
144, 75, 0, 
144, 76, 0, 
144, 133, 0, 
144, 134, 0, 
144, 135, 0, 
144, 136, 0, 
144, 137, 0, 
144, 138, 0, 
144, 139, 0, 
144, 140, 0, 
144, 152, 49, 
144, 153, 0, 
144, 154, 0, 
144, 155, 0, 
145, 2, 0, 
145, 4, 0, 
145, 6, 0, 
145, 7, 0, 
145, 8, 0, 
145, 12, 0, 
145, 52, 0, 
145, 53, 0, 
145, 54, 0, 
145, 67, 0, 
145, 68, 0, 
145, 69, 0, 
145, 74, 0, 
145, 75, 0, 
145, 76, 0, 
145, 135, 0, 
145, 136, 0, 
145, 137, 0, 
145, 138, 0, 
145, 139, 0, 
145, 140, 0, 
145, 153, 45, 
145, 154, 0, 
145, 155, 0, 
146, 2, 0, 
146, 4, 0, 
146, 6, 0, 
146, 7, 0, 
146, 8, 0, 
146, 12, 0, 
146, 53, 0, 
146, 54, 0, 
146, 68, 0, 
146, 69, 0, 
146, 75, 0, 
146, 76, 0, 
146, 137, 0, 
146, 138, 0, 
146, 139, 0, 
146, 140, 0, 
146, 154, 29, 
146, 155, 0, 
147, 2, 0, 
147, 4, 0, 
147, 6, 0, 
147, 7, 0, 
147, 8, 0, 
147, 12, 0, 
147, 54, 0, 
147, 69, 0, 
147, 76, 0, 
147, 139, 0, 
147, 140, 0, 
147, 155, 4, 
148, 2, 0, 
148, 4, 0, 
148, 6, 0, 
148, 7, 0, 
148, 8, 0, 
148, 12, 0, 
149, 0, 0, 
149, 2, 0, 
149, 6, 0, 
149, 8, 0, 
149, 40, 0, 
149, 41, 0, 
149, 42, 0, 
149, 43, 0, 
149, 44, 0, 
149, 45, 0, 
149, 46, 0, 
149, 56, 0, 
149, 57, 0, 
149, 58, 0, 
149, 59, 0, 
149, 60, 0, 
149, 61, 0, 
149, 62, 0, 
149, 142, 0, 
149, 143, 0, 
149, 144, 0, 
149, 145, 0, 
149, 146, 0, 
149, 147, 0, 
149, 148, 0, 
149, 156, 0, 
149, 157, 0, 
149, 158, 0, 
149, 159, 0, 
149, 160, 0, 
149, 161, 0, 
149, 162, 0, 
149, 229, 0, 
150, 0, 0, 
150, 2, 0, 
150, 6, 0, 
150, 8, 0, 
150, 41, 0, 
150, 42, 0, 
150, 43, 0, 
150, 44, 0, 
150, 45, 0, 
150, 46, 0, 
150, 57, 0, 
150, 58, 0, 
150, 59, 0, 
150, 60, 0, 
150, 61, 0, 
150, 62, 0, 
150, 143, 0, 
150, 144, 0, 
150, 145, 0, 
150, 146, 0, 
150, 147, 0, 
150, 148, 0, 
150, 157, 103, 
150, 158, 0, 
150, 159, 0, 
150, 160, 0, 
150, 161, 0, 
150, 162, 0, 
150, 229, 0, 
151, 0, 0, 
151, 2, 0, 
151, 6, 0, 
151, 8, 0, 
151, 42, 0, 
151, 43, 0, 
151, 44, 0, 
151, 45, 0, 
151, 46, 0, 
151, 58, 0, 
151, 59, 0, 
151, 60, 0, 
151, 61, 0, 
151, 62, 0, 
151, 144, 0, 
151, 145, 0, 
151, 146, 0, 
151, 147, 0, 
151, 148, 0, 
151, 158, 6, 
151, 159, 0, 
151, 160, 0, 
151, 161, 0, 
151, 162, 0, 
151, 229, 1, 
152, 0, 0, 
152, 2, 0, 
152, 6, 0, 
152, 8, 0, 
152, 43, 0, 
152, 44, 0, 
152, 45, 0, 
152, 46, 0, 
152, 59, 0, 
152, 60, 0, 
152, 61, 0, 
152, 62, 0, 
152, 145, 0, 
152, 146, 0, 
152, 147, 0, 
152, 148, 0, 
152, 159, 47, 
152, 160, 0, 
152, 161, 0, 
152, 162, 0, 
152, 229, 2, 
153, 0, 0, 
153, 2, 0, 
153, 6, 0, 
153, 8, 0, 
153, 44, 0, 
153, 45, 0, 
153, 46, 0, 
153, 60, 0, 
153, 61, 0, 
153, 62, 0, 
153, 146, 0, 
153, 147, 0, 
153, 148, 0, 
153, 160, 44, 
153, 161, 0, 
153, 162, 0, 
153, 229, 1, 
154, 0, 0, 
154, 2, 0, 
154, 6, 0, 
154, 8, 0, 
154, 45, 0, 
154, 46, 0, 
154, 61, 0, 
154, 62, 0, 
154, 147, 0, 
154, 148, 0, 
154, 161, 27, 
154, 162, 0, 
154, 229, 2, 
155, 0, 0, 
155, 2, 0, 
155, 6, 0, 
155, 8, 0, 
155, 46, 0, 
155, 62, 0, 
155, 148, 0, 
155, 162, 4, 
155, 229, 1, 
156, 0, 0, 
156, 3, 0, 
156, 5, 0, 
156, 9, 0, 
156, 11, 0, 
156, 13, 0, 
156, 32, 0, 
156, 33, 0, 
156, 34, 0, 
156, 35, 0, 
156, 36, 0, 
156, 37, 0, 
156, 38, 0, 
156, 48, 0, 
156, 49, 0, 
156, 50, 0, 
156, 51, 0, 
156, 52, 0, 
156, 53, 0, 
156, 54, 0, 
156, 80, 0, 
156, 81, 0, 
156, 82, 0, 
156, 83, 0, 
156, 84, 0, 
156, 85, 0, 
156, 86, 0, 
156, 87, 0, 
156, 88, 0, 
156, 89, 0, 
156, 90, 0, 
156, 91, 0, 
156, 92, 0, 
156, 150, 0, 
156, 151, 0, 
156, 152, 0, 
156, 153, 0, 
156, 154, 0, 
156, 155, 0, 
156, 163, 0, 
156, 164, 0, 
156, 165, 0, 
156, 166, 0, 
156, 167, 0, 
156, 168, 0, 
156, 169, 0, 
156, 215, 0, 
156, 216, 0, 
156, 217, 0, 
156, 218, 0, 
156, 219, 0, 
156, 220, 0, 
156, 221, 0, 
156, 222, 0, 
156, 223, 0, 
156, 224, 0, 
156, 225, 0, 
156, 226, 0, 
156, 227, 0, 
156, 228, 0, 
156, 229, 0, 
157, 0, 0, 
157, 3, 0, 
157, 5, 0, 
157, 9, 2, 
157, 11, 0, 
157, 13, 0, 
157, 33, 0, 
157, 34, 0, 
157, 35, 0, 
157, 36, 0, 
157, 37, 0, 
157, 38, 0, 
157, 49, 0, 
157, 50, 0, 
157, 51, 0, 
157, 52, 0, 
157, 53, 0, 
157, 54, 0, 
157, 82, 25, 
157, 83, 1, 
157, 84, 0, 
157, 85, 0, 
157, 86, 0, 
157, 87, 0, 
157, 88, 0, 
157, 89, 0, 
157, 90, 0, 
157, 91, 0, 
157, 92, 0, 
157, 151, 0, 
157, 152, 0, 
157, 153, 0, 
157, 154, 0, 
157, 155, 0, 
157, 164, 55, 
157, 165, 0, 
157, 166, 0, 
157, 167, 0, 
157, 168, 0, 
157, 169, 0, 
157, 216, 20, 
157, 217, 0, 
157, 218, 0, 
157, 219, 0, 
157, 220, 0, 
157, 221, 0, 
157, 223, 0, 
157, 224, 0, 
157, 225, 0, 
157, 226, 0, 
157, 227, 0, 
157, 228, 0, 
157, 229, 0, 
158, 0, 0, 
158, 3, 0, 
158, 5, 0, 
158, 9, 0, 
158, 11, 0, 
158, 13, 0, 
158, 34, 0, 
158, 35, 0, 
158, 36, 0, 
158, 37, 0, 
158, 38, 0, 
158, 50, 0, 
158, 51, 0, 
158, 52, 0, 
158, 53, 0, 
158, 54, 0, 
158, 84, 1, 
158, 85, 0, 
158, 86, 0, 
158, 87, 0, 
158, 88, 0, 
158, 89, 0, 
158, 90, 0, 
158, 91, 0, 
158, 92, 0, 
158, 152, 0, 
158, 153, 0, 
158, 154, 0, 
158, 155, 0, 
158, 165, 5, 
158, 166, 0, 
158, 167, 0, 
158, 168, 0, 
158, 169, 0, 
158, 217, 0, 
158, 218, 0, 
158, 219, 0, 
158, 220, 0, 
158, 221, 0, 
158, 224, 0, 
158, 225, 0, 
158, 226, 0, 
158, 227, 0, 
158, 228, 0, 
158, 229, 0, 
159, 0, 0, 
159, 3, 0, 
159, 5, 0, 
159, 9, 4, 
159, 11, 0, 
159, 13, 0, 
159, 35, 0, 
159, 36, 0, 
159, 37, 0, 
159, 38, 0, 
159, 51, 0, 
159, 52, 0, 
159, 53, 0, 
159, 54, 0, 
159, 86, 25, 
159, 87, 4, 
159, 88, 0, 
159, 89, 0, 
159, 90, 0, 
159, 91, 0, 
159, 92, 0, 
159, 153, 0, 
159, 154, 0, 
159, 155, 0, 
159, 166, 13, 
159, 167, 0, 
159, 168, 0, 
159, 169, 0, 
159, 218, 1, 
159, 219, 0, 
159, 220, 0, 
159, 221, 0, 
159, 225, 0, 
159, 226, 0, 
159, 227, 0, 
159, 228, 0, 
159, 229, 0, 
160, 0, 0, 
160, 3, 0, 
160, 5, 0, 
160, 9, 0, 
160, 11, 0, 
160, 13, 0, 
160, 36, 0, 
160, 37, 0, 
160, 38, 0, 
160, 52, 0, 
160, 53, 0, 
160, 54, 0, 
160, 88, 33, 
160, 89, 6, 
160, 90, 0, 
160, 91, 0, 
160, 92, 0, 
160, 154, 0, 
160, 155, 0, 
160, 167, 5, 
160, 168, 0, 
160, 169, 0, 
160, 219, 0, 
160, 220, 0, 
160, 221, 0, 
160, 226, 0, 
160, 227, 0, 
160, 228, 0, 
160, 229, 0, 
161, 0, 0, 
161, 3, 0, 
161, 5, 0, 
161, 9, 0, 
161, 11, 0, 
161, 13, 0, 
161, 37, 0, 
161, 38, 0, 
161, 53, 0, 
161, 54, 0, 
161, 90, 21, 
161, 91, 5, 
161, 92, 0, 
161, 155, 0, 
161, 168, 1, 
161, 169, 0, 
161, 220, 0, 
161, 221, 0, 
161, 227, 0, 
161, 228, 0, 
161, 229, 0, 
162, 0, 0, 
162, 3, 0, 
162, 5, 0, 
162, 9, 0, 
162, 11, 0, 
162, 13, 0, 
162, 38, 0, 
162, 54, 0, 
162, 92, 4, 
162, 169, 0, 
162, 221, 0, 
162, 228, 0, 
162, 229, 0, 
163, 1, 0, 
163, 3, 0, 
163, 5, 0, 
163, 9, 0, 
163, 11, 0, 
163, 13, 0, 
163, 19, 0, 
163, 20, 0, 
163, 21, 0, 
163, 22, 0, 
163, 23, 0, 
163, 24, 0, 
163, 25, 0, 
163, 26, 0, 
163, 27, 0, 
163, 28, 0, 
163, 29, 0, 
163, 30, 0, 
163, 40, 0, 
163, 41, 0, 
163, 42, 0, 
163, 43, 0, 
163, 44, 0, 
163, 45, 0, 
163, 46, 0, 
163, 81, 0, 
163, 82, 0, 
163, 83, 0, 
163, 84, 0, 
163, 85, 0, 
163, 86, 0, 
163, 87, 0, 
163, 88, 0, 
163, 89, 0, 
163, 90, 0, 
163, 91, 0, 
163, 92, 0, 
163, 157, 0, 
163, 158, 0, 
163, 159, 0, 
163, 160, 0, 
163, 161, 0, 
163, 162, 0, 
163, 170, 15, 
163, 171, 0, 
163, 172, 0, 
163, 173, 0, 
163, 174, 0, 
163, 175, 0, 
163, 176, 0, 
163, 177, 0, 
163, 178, 0, 
163, 179, 0, 
163, 180, 0, 
163, 181, 0, 
163, 182, 0, 
163, 183, 0, 
163, 216, 0, 
163, 217, 0, 
163, 218, 0, 
163, 219, 0, 
163, 220, 0, 
163, 221, 0, 
163, 222, 0, 
163, 223, 0, 
163, 224, 0, 
163, 225, 0, 
163, 226, 0, 
163, 227, 0, 
163, 228, 0, 
164, 1, 0, 
164, 3, 0, 
164, 5, 0, 
164, 9, 24, 
164, 11, 0, 
164, 13, 30, 
164, 21, 0, 
164, 22, 0, 
164, 23, 0, 
164, 24, 0, 
164, 25, 0, 
164, 26, 0, 
164, 27, 0, 
164, 28, 0, 
164, 29, 0, 
164, 30, 0, 
164, 41, 0, 
164, 42, 0, 
164, 43, 0, 
164, 44, 0, 
164, 45, 0, 
164, 46, 0, 
164, 83, 1, 
164, 84, 0, 
164, 85, 0, 
164, 86, 0, 
164, 87, 0, 
164, 88, 0, 
164, 89, 0, 
164, 90, 0, 
164, 91, 0, 
164, 92, 0, 
164, 158, 0, 
164, 159, 0, 
164, 160, 0, 
164, 161, 0, 
164, 162, 0, 
164, 171, 6, 
164, 172, 0, 
164, 173, 0, 
164, 174, 0, 
164, 175, 0, 
164, 176, 0, 
164, 178, 0, 
164, 179, 0, 
164, 180, 0, 
164, 181, 0, 
164, 182, 0, 
164, 183, 0, 
164, 217, 0, 
164, 218, 0, 
164, 219, 0, 
164, 220, 0, 
164, 221, 0, 
164, 223, 0, 
164, 224, 0, 
164, 225, 0, 
164, 226, 0, 
164, 227, 0, 
164, 228, 0, 
165, 1, 0, 
165, 3, 0, 
165, 5, 5, 
165, 9, 0, 
165, 11, 0, 
165, 13, 0, 
165, 23, 0, 
165, 24, 0, 
165, 25, 0, 
165, 26, 0, 
165, 27, 0, 
165, 28, 0, 
165, 29, 0, 
165, 30, 0, 
165, 42, 0, 
165, 43, 0, 
165, 44, 0, 
165, 45, 0, 
165, 46, 0, 
165, 85, 0, 
165, 86, 0, 
165, 87, 0, 
165, 88, 0, 
165, 89, 0, 
165, 90, 0, 
165, 91, 0, 
165, 92, 0, 
165, 159, 0, 
165, 160, 0, 
165, 161, 0, 
165, 162, 0, 
165, 172, 10, 
165, 173, 0, 
165, 174, 0, 
165, 175, 0, 
165, 176, 0, 
165, 179, 0, 
165, 180, 0, 
165, 181, 0, 
165, 182, 0, 
165, 183, 0, 
165, 218, 0, 
165, 219, 0, 
165, 220, 0, 
165, 221, 0, 
165, 224, 0, 
165, 225, 0, 
165, 226, 0, 
165, 227, 0, 
165, 228, 0, 
166, 1, 0, 
166, 3, 0, 
166, 5, 0, 
166, 9, 8, 
166, 11, 0, 
166, 13, 2, 
166, 25, 0, 
166, 26, 0, 
166, 27, 0, 
166, 28, 0, 
166, 29, 0, 
166, 30, 0, 
166, 43, 0, 
166, 44, 0, 
166, 45, 0, 
166, 46, 0, 
166, 87, 1, 
166, 88, 0, 
166, 89, 0, 
166, 90, 0, 
166, 91, 0, 
166, 92, 0, 
166, 160, 0, 
166, 161, 0, 
166, 162, 0, 
166, 173, 3, 
166, 174, 0, 
166, 175, 0, 
166, 176, 0, 
166, 180, 0, 
166, 181, 0, 
166, 182, 0, 
166, 183, 0, 
166, 219, 0, 
166, 220, 0, 
166, 221, 0, 
166, 225, 0, 
166, 226, 0, 
166, 227, 0, 
166, 228, 0, 
167, 1, 0, 
167, 3, 0, 
167, 5, 0, 
167, 9, 0, 
167, 11, 0, 
167, 13, 5, 
167, 27, 0, 
167, 28, 0, 
167, 29, 0, 
167, 30, 0, 
167, 44, 0, 
167, 45, 0, 
167, 46, 0, 
167, 89, 0, 
167, 90, 0, 
167, 91, 0, 
167, 92, 0, 
167, 161, 0, 
167, 162, 0, 
167, 174, 2, 
167, 175, 0, 
167, 176, 0, 
167, 181, 0, 
167, 182, 0, 
167, 183, 0, 
167, 220, 0, 
167, 221, 0, 
167, 226, 0, 
167, 227, 0, 
167, 228, 0, 
168, 1, 0, 
168, 3, 0, 
168, 5, 0, 
168, 9, 0, 
168, 11, 0, 
168, 13, 1, 
168, 29, 0, 
168, 30, 0, 
168, 45, 0, 
168, 46, 0, 
168, 91, 0, 
168, 92, 0, 
168, 162, 0, 
168, 175, 0, 
168, 176, 0, 
168, 182, 0, 
168, 183, 0, 
168, 221, 0, 
168, 227, 0, 
168, 228, 0, 
169, 1, 0, 
169, 3, 0, 
169, 5, 0, 
169, 9, 0, 
169, 11, 0, 
169, 13, 0, 
169, 46, 0, 
169, 176, 0, 
169, 183, 0, 
169, 228, 0, 
170, 1, 15, 
170, 3, 0, 
170, 5, 0, 
170, 9, 0, 
170, 13, 0, 
170, 19, 0, 
170, 21, 0, 
170, 23, 0, 
170, 25, 0, 
170, 27, 0, 
170, 29, 0, 
170, 33, 0, 
170, 34, 0, 
170, 35, 0, 
170, 36, 0, 
170, 37, 0, 
170, 38, 0, 
170, 81, 0, 
170, 83, 0, 
170, 85, 0, 
170, 87, 0, 
170, 89, 0, 
170, 91, 0, 
170, 164, 0, 
170, 165, 0, 
170, 166, 0, 
170, 167, 0, 
170, 168, 0, 
170, 169, 0, 
170, 177, 0, 
170, 178, 0, 
170, 179, 0, 
170, 180, 0, 
170, 181, 0, 
170, 182, 0, 
170, 183, 0, 
170, 223, 0, 
170, 224, 0, 
170, 225, 0, 
170, 226, 0, 
170, 227, 0, 
170, 228, 0, 
171, 1, 0, 
171, 3, 0, 
171, 5, 5, 
171, 9, 0, 
171, 13, 0, 
171, 21, 0, 
171, 23, 0, 
171, 25, 0, 
171, 27, 0, 
171, 29, 0, 
171, 34, 0, 
171, 35, 0, 
171, 36, 0, 
171, 37, 0, 
171, 38, 0, 
171, 83, 0, 
171, 85, 0, 
171, 87, 0, 
171, 89, 0, 
171, 91, 0, 
171, 165, 0, 
171, 166, 0, 
171, 167, 0, 
171, 168, 0, 
171, 169, 0, 
171, 178, 21, 
171, 179, 0, 
171, 180, 0, 
171, 181, 0, 
171, 182, 0, 
171, 183, 0, 
171, 224, 0, 
171, 225, 0, 
171, 226, 0, 
171, 227, 0, 
171, 228, 0, 
172, 1, 10, 
172, 3, 0, 
172, 5, 0, 
172, 9, 0, 
172, 13, 0, 
172, 23, 0, 
172, 25, 0, 
172, 27, 0, 
172, 29, 0, 
172, 35, 0, 
172, 36, 0, 
172, 37, 0, 
172, 38, 0, 
172, 85, 0, 
172, 87, 0, 
172, 89, 0, 
172, 91, 0, 
172, 166, 0, 
172, 167, 0, 
172, 168, 0, 
172, 169, 0, 
172, 179, 0, 
172, 180, 0, 
172, 181, 0, 
172, 182, 0, 
172, 183, 0, 
172, 225, 0, 
172, 226, 0, 
172, 227, 0, 
172, 228, 0, 
173, 1, 3, 
173, 3, 0, 
173, 5, 0, 
173, 9, 0, 
173, 13, 0, 
173, 25, 0, 
173, 27, 0, 
173, 29, 0, 
173, 36, 0, 
173, 37, 0, 
173, 38, 0, 
173, 87, 0, 
173, 89, 0, 
173, 91, 0, 
173, 167, 0, 
173, 168, 0, 
173, 169, 0, 
173, 180, 2, 
173, 181, 0, 
173, 182, 0, 
173, 183, 0, 
173, 226, 0, 
173, 227, 0, 
173, 228, 0, 
174, 1, 2, 
174, 3, 0, 
174, 5, 0, 
174, 9, 0, 
174, 13, 0, 
174, 27, 0, 
174, 29, 0, 
174, 37, 0, 
174, 38, 0, 
174, 89, 0, 
174, 91, 0, 
174, 168, 0, 
174, 169, 0, 
174, 181, 0, 
174, 182, 0, 
174, 183, 0, 
174, 227, 0, 
174, 228, 0, 
175, 1, 0, 
175, 3, 0, 
175, 5, 0, 
175, 9, 0, 
175, 13, 0, 
175, 29, 0, 
175, 38, 0, 
175, 91, 0, 
175, 169, 0, 
175, 182, 0, 
175, 183, 0, 
175, 228, 0, 
176, 1, 0, 
176, 3, 0, 
176, 5, 0, 
176, 9, 0, 
176, 13, 0, 
176, 183, 0, 
177, 1, 0, 
177, 3, 0, 
177, 5, 0, 
177, 9, 0, 
177, 13, 0, 
177, 20, 0, 
177, 22, 0, 
177, 24, 0, 
177, 26, 0, 
177, 28, 0, 
177, 30, 0, 
177, 33, 0, 
177, 34, 0, 
177, 35, 0, 
177, 36, 0, 
177, 37, 0, 
177, 38, 0, 
177, 81, 0, 
177, 83, 0, 
177, 85, 0, 
177, 87, 0, 
177, 89, 0, 
177, 91, 0, 
177, 164, 0, 
177, 165, 0, 
177, 166, 0, 
177, 167, 0, 
177, 168, 0, 
177, 169, 0, 
177, 171, 0, 
177, 172, 0, 
177, 173, 0, 
177, 174, 0, 
177, 175, 0, 
177, 176, 0, 
177, 223, 0, 
177, 224, 0, 
177, 225, 0, 
177, 226, 0, 
177, 227, 0, 
177, 228, 0, 
178, 1, 21, 
178, 3, 0, 
178, 5, 0, 
178, 9, 0, 
178, 13, 0, 
178, 22, 0, 
178, 24, 0, 
178, 26, 0, 
178, 28, 0, 
178, 30, 0, 
178, 34, 0, 
178, 35, 0, 
178, 36, 0, 
178, 37, 0, 
178, 38, 0, 
178, 83, 0, 
178, 85, 0, 
178, 87, 0, 
178, 89, 0, 
178, 91, 0, 
178, 165, 0, 
178, 166, 0, 
178, 167, 0, 
178, 168, 0, 
178, 169, 0, 
178, 172, 0, 
178, 173, 0, 
178, 174, 0, 
178, 175, 0, 
178, 176, 0, 
178, 224, 0, 
178, 225, 0, 
178, 226, 0, 
178, 227, 0, 
178, 228, 0, 
179, 1, 0, 
179, 3, 0, 
179, 5, 0, 
179, 9, 0, 
179, 13, 0, 
179, 24, 0, 
179, 26, 0, 
179, 28, 0, 
179, 30, 0, 
179, 35, 0, 
179, 36, 0, 
179, 37, 0, 
179, 38, 0, 
179, 85, 0, 
179, 87, 0, 
179, 89, 0, 
179, 91, 0, 
179, 166, 0, 
179, 167, 0, 
179, 168, 0, 
179, 169, 0, 
179, 173, 0, 
179, 174, 0, 
179, 175, 0, 
179, 176, 0, 
179, 225, 0, 
179, 226, 0, 
179, 227, 0, 
179, 228, 0, 
180, 1, 2, 
180, 3, 0, 
180, 5, 0, 
180, 9, 0, 
180, 13, 0, 
180, 26, 0, 
180, 28, 0, 
180, 30, 0, 
180, 36, 0, 
180, 37, 0, 
180, 38, 0, 
180, 87, 0, 
180, 89, 0, 
180, 91, 0, 
180, 167, 0, 
180, 168, 0, 
180, 169, 0, 
180, 174, 0, 
180, 175, 0, 
180, 176, 0, 
180, 226, 0, 
180, 227, 0, 
180, 228, 0, 
181, 1, 0, 
181, 3, 0, 
181, 5, 0, 
181, 9, 0, 
181, 13, 0, 
181, 28, 0, 
181, 30, 0, 
181, 37, 0, 
181, 38, 0, 
181, 89, 0, 
181, 91, 0, 
181, 168, 0, 
181, 169, 0, 
181, 175, 0, 
181, 176, 0, 
181, 227, 0, 
181, 228, 0, 
182, 1, 0, 
182, 3, 0, 
182, 5, 0, 
182, 9, 0, 
182, 13, 0, 
182, 30, 0, 
182, 38, 0, 
182, 91, 0, 
182, 169, 0, 
182, 176, 0, 
182, 228, 0, 
183, 1, 0, 
183, 3, 0, 
183, 5, 0, 
183, 9, 0, 
183, 13, 0, 
184, 101, 0, 
184, 102, 0, 
184, 103, 0, 
184, 104, 0, 
184, 105, 0, 
184, 106, 0, 
184, 107, 0, 
184, 108, 0, 
184, 109, 0, 
184, 110, 0, 
184, 111, 0, 
184, 112, 0, 
184, 113, 0, 
184, 114, 0, 
184, 115, 0, 
184, 116, 0, 
184, 185, 0, 
184, 187, 0, 
184, 189, 0, 
184, 191, 0, 
184, 193, 0, 
184, 195, 0, 
184, 197, 0, 
184, 199, 0, 
184, 200, 0, 
184, 201, 0, 
184, 202, 0, 
184, 203, 0, 
184, 204, 0, 
184, 205, 0, 
184, 206, 0, 
184, 207, 0, 
185, 0, 0, 
185, 10, 0, 
185, 102, 0, 
185, 103, 0, 
185, 104, 0, 
185, 105, 0, 
185, 106, 0, 
185, 107, 0, 
185, 108, 0, 
185, 117, 0, 
185, 118, 0, 
185, 119, 0, 
185, 120, 0, 
185, 121, 0, 
185, 122, 0, 
185, 123, 0, 
185, 124, 0, 
185, 186, 0, 
185, 188, 0, 
185, 190, 0, 
185, 192, 0, 
185, 194, 0, 
185, 196, 0, 
185, 198, 0, 
185, 200, 0, 
185, 201, 0, 
185, 202, 0, 
185, 203, 0, 
185, 204, 0, 
185, 205, 0, 
185, 206, 0, 
185, 207, 0, 
185, 229, 0, 
186, 102, 0, 
186, 103, 0, 
186, 104, 0, 
186, 105, 0, 
186, 106, 0, 
186, 107, 0, 
186, 108, 0, 
186, 110, 0, 
186, 111, 0, 
186, 112, 0, 
186, 113, 0, 
186, 114, 0, 
186, 115, 0, 
186, 116, 0, 
186, 187, 0, 
186, 189, 0, 
186, 191, 0, 
186, 193, 0, 
186, 195, 0, 
186, 197, 0, 
186, 199, 0, 
186, 201, 0, 
186, 202, 0, 
186, 203, 0, 
186, 204, 0, 
186, 205, 0, 
186, 206, 0, 
186, 207, 0, 
187, 0, 0, 
187, 10, 0, 
187, 103, 0, 
187, 104, 0, 
187, 105, 0, 
187, 106, 0, 
187, 107, 0, 
187, 108, 0, 
187, 118, 0, 
187, 119, 0, 
187, 120, 0, 
187, 121, 0, 
187, 122, 0, 
187, 123, 0, 
187, 124, 0, 
187, 188, 0, 
187, 190, 0, 
187, 192, 0, 
187, 194, 0, 
187, 196, 0, 
187, 198, 0, 
187, 201, 0, 
187, 202, 0, 
187, 203, 0, 
187, 204, 0, 
187, 205, 0, 
187, 206, 0, 
187, 207, 0, 
187, 229, 0, 
188, 103, 0, 
188, 104, 0, 
188, 105, 0, 
188, 106, 0, 
188, 107, 0, 
188, 108, 0, 
188, 111, 0, 
188, 112, 0, 
188, 113, 0, 
188, 114, 0, 
188, 115, 0, 
188, 116, 0, 
188, 189, 0, 
188, 191, 0, 
188, 193, 0, 
188, 195, 0, 
188, 197, 0, 
188, 199, 0, 
188, 202, 0, 
188, 203, 0, 
188, 204, 0, 
188, 205, 0, 
188, 206, 0, 
188, 207, 0, 
189, 0, 0, 
189, 10, 0, 
189, 104, 0, 
189, 105, 0, 
189, 106, 0, 
189, 107, 0, 
189, 108, 0, 
189, 119, 0, 
189, 120, 0, 
189, 121, 0, 
189, 122, 0, 
189, 123, 0, 
189, 124, 0, 
189, 190, 0, 
189, 192, 0, 
189, 194, 0, 
189, 196, 0, 
189, 198, 0, 
189, 202, 0, 
189, 203, 0, 
189, 204, 0, 
189, 205, 0, 
189, 206, 0, 
189, 207, 0, 
189, 229, 0, 
190, 104, 0, 
190, 105, 0, 
190, 106, 0, 
190, 107, 0, 
190, 108, 0, 
190, 112, 0, 
190, 113, 0, 
190, 114, 0, 
190, 115, 0, 
190, 116, 0, 
190, 191, 0, 
190, 193, 0, 
190, 195, 0, 
190, 197, 0, 
190, 199, 0, 
190, 203, 0, 
190, 204, 0, 
190, 205, 0, 
190, 206, 0, 
190, 207, 0, 
191, 0, 0, 
191, 10, 0, 
191, 105, 0, 
191, 106, 0, 
191, 107, 0, 
191, 108, 0, 
191, 120, 0, 
191, 121, 0, 
191, 122, 0, 
191, 123, 0, 
191, 124, 0, 
191, 192, 0, 
191, 194, 0, 
191, 196, 0, 
191, 198, 0, 
191, 203, 1, 
191, 204, 0, 
191, 205, 0, 
191, 206, 0, 
191, 207, 0, 
191, 229, 0, 
192, 105, 0, 
192, 106, 0, 
192, 107, 0, 
192, 108, 0, 
192, 113, 0, 
192, 114, 0, 
192, 115, 0, 
192, 116, 0, 
192, 193, 0, 
192, 195, 0, 
192, 197, 0, 
192, 199, 0, 
192, 204, 0, 
192, 205, 0, 
192, 206, 0, 
192, 207, 0, 
193, 0, 0, 
193, 10, 0, 
193, 106, 0, 
193, 107, 0, 
193, 108, 0, 
193, 121, 0, 
193, 122, 0, 
193, 123, 0, 
193, 124, 0, 
193, 194, 0, 
193, 196, 0, 
193, 198, 0, 
193, 204, 2, 
193, 205, 0, 
193, 206, 0, 
193, 207, 0, 
193, 229, 0, 
194, 106, 0, 
194, 107, 0, 
194, 108, 0, 
194, 114, 0, 
194, 115, 0, 
194, 116, 0, 
194, 195, 0, 
194, 197, 0, 
194, 199, 0, 
194, 205, 0, 
194, 206, 0, 
194, 207, 0, 
195, 0, 0, 
195, 10, 0, 
195, 107, 0, 
195, 108, 0, 
195, 122, 0, 
195, 123, 0, 
195, 124, 0, 
195, 196, 0, 
195, 198, 0, 
195, 205, 0, 
195, 206, 0, 
195, 207, 0, 
195, 229, 0, 
196, 107, 0, 
196, 108, 0, 
196, 115, 0, 
196, 116, 0, 
196, 197, 0, 
196, 199, 0, 
196, 206, 0, 
196, 207, 0, 
197, 0, 0, 
197, 10, 0, 
197, 108, 0, 
197, 123, 0, 
197, 124, 0, 
197, 198, 0, 
197, 206, 2, 
197, 207, 0, 
197, 229, 0, 
198, 108, 0, 
198, 116, 0, 
198, 199, 0, 
198, 207, 0, 
199, 0, 0, 
199, 10, 0, 
199, 124, 0, 
199, 207, 2, 
199, 229, 0, 
200, 0, 0, 
200, 10, 0, 
200, 11, 0, 
200, 14, 0, 
200, 94, 0, 
200, 95, 0, 
200, 96, 0, 
200, 97, 0, 
200, 98, 0, 
200, 99, 0, 
200, 100, 0, 
200, 110, 0, 
200, 111, 0, 
200, 112, 0, 
200, 113, 0, 
200, 114, 0, 
200, 115, 0, 
200, 116, 0, 
200, 117, 0, 
200, 118, 0, 
200, 119, 0, 
200, 120, 0, 
200, 121, 0, 
200, 122, 0, 
200, 123, 0, 
200, 124, 0, 
200, 186, 0, 
200, 187, 0, 
200, 188, 0, 
200, 189, 0, 
200, 190, 0, 
200, 191, 0, 
200, 192, 0, 
200, 193, 0, 
200, 194, 0, 
200, 195, 0, 
200, 196, 0, 
200, 197, 0, 
200, 198, 0, 
200, 199, 0, 
200, 208, 0, 
200, 209, 0, 
200, 210, 0, 
200, 211, 0, 
200, 212, 0, 
200, 213, 0, 
200, 214, 0, 
200, 229, 0, 
201, 0, 0, 
201, 10, 0, 
201, 11, 0, 
201, 14, 0, 
201, 95, 0, 
201, 96, 0, 
201, 97, 0, 
201, 98, 0, 
201, 99, 0, 
201, 100, 0, 
201, 111, 0, 
201, 112, 0, 
201, 113, 0, 
201, 114, 0, 
201, 115, 0, 
201, 116, 0, 
201, 118, 0, 
201, 119, 0, 
201, 120, 0, 
201, 121, 0, 
201, 122, 0, 
201, 123, 0, 
201, 124, 0, 
201, 188, 0, 
201, 189, 0, 
201, 190, 0, 
201, 191, 0, 
201, 192, 0, 
201, 193, 0, 
201, 194, 0, 
201, 195, 0, 
201, 196, 0, 
201, 197, 0, 
201, 198, 0, 
201, 199, 0, 
201, 209, 0, 
201, 210, 0, 
201, 211, 0, 
201, 212, 0, 
201, 213, 0, 
201, 214, 0, 
201, 229, 0, 
202, 0, 0, 
202, 10, 0, 
202, 11, 0, 
202, 14, 0, 
202, 96, 0, 
202, 97, 0, 
202, 98, 0, 
202, 99, 0, 
202, 100, 0, 
202, 112, 0, 
202, 113, 0, 
202, 114, 0, 
202, 115, 0, 
202, 116, 0, 
202, 119, 0, 
202, 120, 0, 
202, 121, 0, 
202, 122, 0, 
202, 123, 0, 
202, 124, 0, 
202, 190, 0, 
202, 191, 0, 
202, 192, 0, 
202, 193, 0, 
202, 194, 0, 
202, 195, 0, 
202, 196, 0, 
202, 197, 0, 
202, 198, 0, 
202, 199, 0, 
202, 210, 1, 
202, 211, 0, 
202, 212, 0, 
202, 213, 0, 
202, 214, 0, 
202, 229, 0, 
203, 0, 0, 
203, 10, 0, 
203, 11, 0, 
203, 14, 0, 
203, 97, 0, 
203, 98, 0, 
203, 99, 0, 
203, 100, 0, 
203, 113, 0, 
203, 114, 0, 
203, 115, 0, 
203, 116, 0, 
203, 120, 0, 
203, 121, 0, 
203, 122, 0, 
203, 123, 0, 
203, 124, 0, 
203, 192, 0, 
203, 193, 0, 
203, 194, 0, 
203, 195, 0, 
203, 196, 0, 
203, 197, 0, 
203, 198, 0, 
203, 199, 0, 
203, 211, 4, 
203, 212, 0, 
203, 213, 0, 
203, 214, 0, 
203, 229, 1, 
204, 0, 0, 
204, 10, 0, 
204, 11, 0, 
204, 14, 0, 
204, 98, 0, 
204, 99, 0, 
204, 100, 0, 
204, 114, 0, 
204, 115, 0, 
204, 116, 0, 
204, 121, 0, 
204, 122, 0, 
204, 123, 0, 
204, 124, 0, 
204, 194, 0, 
204, 195, 0, 
204, 196, 0, 
204, 197, 0, 
204, 198, 0, 
204, 199, 0, 
204, 212, 2, 
204, 213, 0, 
204, 214, 0, 
204, 229, 2, 
205, 0, 0, 
205, 10, 0, 
205, 11, 0, 
205, 14, 0, 
205, 99, 0, 
205, 100, 0, 
205, 115, 0, 
205, 116, 0, 
205, 122, 0, 
205, 123, 0, 
205, 124, 0, 
205, 196, 0, 
205, 197, 0, 
205, 198, 0, 
205, 199, 0, 
205, 213, 2, 
205, 214, 0, 
205, 229, 0, 
206, 0, 0, 
206, 10, 0, 
206, 11, 0, 
206, 14, 0, 
206, 100, 0, 
206, 116, 0, 
206, 123, 0, 
206, 124, 0, 
206, 198, 0, 
206, 199, 0, 
206, 214, 3, 
206, 229, 2, 
207, 0, 0, 
207, 10, 0, 
207, 11, 0, 
207, 14, 0, 
207, 124, 0, 
207, 229, 2, 
208, 0, 0, 
208, 10, 0, 
208, 11, 0, 
208, 14, 0, 
208, 79, 0, 
208, 80, 0, 
208, 81, 0, 
208, 82, 0, 
208, 83, 0, 
208, 84, 0, 
208, 85, 0, 
208, 86, 0, 
208, 87, 0, 
208, 88, 0, 
208, 89, 0, 
208, 90, 0, 
208, 91, 0, 
208, 92, 0, 
208, 102, 0, 
208, 103, 0, 
208, 104, 0, 
208, 105, 0, 
208, 106, 0, 
208, 107, 0, 
208, 108, 0, 
208, 201, 0, 
208, 202, 0, 
208, 203, 0, 
208, 204, 0, 
208, 205, 0, 
208, 206, 0, 
208, 207, 0, 
208, 215, 17, 
208, 216, 0, 
208, 217, 0, 
208, 218, 0, 
208, 219, 0, 
208, 220, 0, 
208, 221, 0, 
208, 222, 0, 
208, 223, 0, 
208, 224, 0, 
208, 225, 0, 
208, 226, 0, 
208, 227, 0, 
208, 228, 0, 
208, 229, 0, 
209, 0, 0, 
209, 10, 0, 
209, 11, 0, 
209, 14, 0, 
209, 81, 0, 
209, 82, 0, 
209, 83, 0, 
209, 84, 0, 
209, 85, 0, 
209, 86, 0, 
209, 87, 0, 
209, 88, 0, 
209, 89, 0, 
209, 90, 0, 
209, 91, 0, 
209, 92, 0, 
209, 103, 0, 
209, 104, 0, 
209, 105, 0, 
209, 106, 0, 
209, 107, 0, 
209, 108, 0, 
209, 202, 0, 
209, 203, 0, 
209, 204, 0, 
209, 205, 0, 
209, 206, 0, 
209, 207, 0, 
209, 216, 0, 
209, 217, 0, 
209, 218, 0, 
209, 219, 0, 
209, 220, 0, 
209, 221, 0, 
209, 223, 0, 
209, 224, 0, 
209, 225, 0, 
209, 226, 0, 
209, 227, 0, 
209, 228, 0, 
209, 229, 0, 
210, 0, 0, 
210, 10, 0, 
210, 11, 0, 
210, 14, 0, 
210, 83, 0, 
210, 84, 0, 
210, 85, 0, 
210, 86, 0, 
210, 87, 0, 
210, 88, 0, 
210, 89, 0, 
210, 90, 0, 
210, 91, 0, 
210, 92, 0, 
210, 104, 0, 
210, 105, 0, 
210, 106, 0, 
210, 107, 0, 
210, 108, 0, 
210, 203, 0, 
210, 204, 0, 
210, 205, 0, 
210, 206, 0, 
210, 207, 0, 
210, 217, 6, 
210, 218, 0, 
210, 219, 0, 
210, 220, 0, 
210, 221, 0, 
210, 224, 0, 
210, 225, 0, 
210, 226, 0, 
210, 227, 0, 
210, 228, 0, 
210, 229, 1, 
211, 0, 0, 
211, 10, 0, 
211, 11, 0, 
211, 14, 0, 
211, 85, 0, 
211, 86, 0, 
211, 87, 0, 
211, 88, 0, 
211, 89, 0, 
211, 90, 0, 
211, 91, 0, 
211, 92, 0, 
211, 105, 0, 
211, 106, 0, 
211, 107, 0, 
211, 108, 0, 
211, 204, 0, 
211, 205, 0, 
211, 206, 0, 
211, 207, 0, 
211, 218, 2, 
211, 219, 0, 
211, 220, 0, 
211, 221, 0, 
211, 225, 0, 
211, 226, 0, 
211, 227, 0, 
211, 228, 0, 
211, 229, 2, 
212, 0, 0, 
212, 10, 0, 
212, 11, 0, 
212, 14, 0, 
212, 87, 0, 
212, 88, 0, 
212, 89, 0, 
212, 90, 0, 
212, 91, 0, 
212, 92, 0, 
212, 106, 0, 
212, 107, 0, 
212, 108, 0, 
212, 205, 0, 
212, 206, 0, 
212, 207, 0, 
212, 219, 5, 
212, 220, 0, 
212, 221, 0, 
212, 226, 0, 
212, 227, 0, 
212, 228, 0, 
212, 229, 2, 
213, 0, 0, 
213, 10, 0, 
213, 11, 0, 
213, 14, 0, 
213, 89, 0, 
213, 90, 0, 
213, 91, 0, 
213, 92, 0, 
213, 107, 0, 
213, 108, 0, 
213, 206, 0, 
213, 207, 0, 
213, 220, 8, 
213, 221, 0, 
213, 227, 0, 
213, 228, 0, 
213, 229, 2, 
214, 0, 0, 
214, 10, 0, 
214, 11, 0, 
214, 14, 0, 
214, 91, 0, 
214, 92, 0, 
214, 108, 0, 
214, 207, 0, 
214, 221, 5, 
214, 228, 0, 
214, 229, 3, 
215, 0, 0, 
215, 3, 0, 
215, 9, 0, 
215, 10, 0, 
215, 11, 0, 
215, 13, 0, 
215, 14, 0, 
215, 32, 0, 
215, 33, 0, 
215, 34, 0, 
215, 35, 0, 
215, 36, 0, 
215, 37, 0, 
215, 38, 0, 
215, 40, 0, 
215, 41, 0, 
215, 42, 0, 
215, 43, 0, 
215, 44, 0, 
215, 45, 0, 
215, 46, 0, 
215, 81, 0, 
215, 83, 0, 
215, 85, 0, 
215, 87, 0, 
215, 89, 0, 
215, 91, 0, 
215, 94, 0, 
215, 95, 0, 
215, 96, 0, 
215, 97, 0, 
215, 98, 0, 
215, 99, 0, 
215, 100, 0, 
215, 156, 0, 
215, 157, 0, 
215, 158, 0, 
215, 159, 0, 
215, 160, 0, 
215, 161, 0, 
215, 162, 0, 
215, 163, 15, 
215, 164, 0, 
215, 165, 0, 
215, 166, 0, 
215, 167, 0, 
215, 168, 0, 
215, 169, 0, 
215, 209, 0, 
215, 210, 0, 
215, 211, 0, 
215, 212, 0, 
215, 213, 0, 
215, 214, 0, 
215, 222, 32, 
215, 223, 0, 
215, 224, 0, 
215, 225, 0, 
215, 226, 0, 
215, 227, 0, 
215, 228, 0, 
215, 229, 0, 
216, 0, 0, 
216, 3, 0, 
216, 9, 0, 
216, 10, 0, 
216, 11, 0, 
216, 13, 0, 
216, 14, 0, 
216, 33, 0, 
216, 34, 0, 
216, 35, 0, 
216, 36, 0, 
216, 37, 0, 
216, 38, 0, 
216, 41, 0, 
216, 42, 0, 
216, 43, 0, 
216, 44, 0, 
216, 45, 0, 
216, 46, 0, 
216, 83, 0, 
216, 85, 0, 
216, 87, 0, 
216, 89, 0, 
216, 91, 0, 
216, 95, 0, 
216, 96, 0, 
216, 97, 0, 
216, 98, 0, 
216, 99, 0, 
216, 100, 0, 
216, 157, 0, 
216, 158, 0, 
216, 159, 0, 
216, 160, 0, 
216, 161, 0, 
216, 162, 0, 
216, 164, 0, 
216, 165, 0, 
216, 166, 0, 
216, 167, 0, 
216, 168, 0, 
216, 169, 0, 
216, 210, 0, 
216, 211, 0, 
216, 212, 0, 
216, 213, 0, 
216, 214, 0, 
216, 223, 20, 
216, 224, 0, 
216, 225, 0, 
216, 226, 0, 
216, 227, 0, 
216, 228, 0, 
216, 229, 0, 
217, 0, 0, 
217, 3, 0, 
217, 9, 0, 
217, 10, 0, 
217, 11, 0, 
217, 13, 0, 
217, 14, 0, 
217, 34, 0, 
217, 35, 0, 
217, 36, 0, 
217, 37, 0, 
217, 38, 0, 
217, 42, 5, 
217, 43, 0, 
217, 44, 0, 
217, 45, 0, 
217, 46, 0, 
217, 85, 0, 
217, 87, 0, 
217, 89, 0, 
217, 91, 0, 
217, 96, 0, 
217, 97, 0, 
217, 98, 0, 
217, 99, 0, 
217, 100, 0, 
217, 158, 0, 
217, 159, 0, 
217, 160, 0, 
217, 161, 0, 
217, 162, 0, 
217, 165, 0, 
217, 166, 0, 
217, 167, 0, 
217, 168, 0, 
217, 169, 0, 
217, 211, 0, 
217, 212, 0, 
217, 213, 0, 
217, 214, 0, 
217, 224, 16, 
217, 225, 0, 
217, 226, 0, 
217, 227, 0, 
217, 228, 0, 
217, 229, 1, 
218, 0, 0, 
218, 3, 0, 
218, 9, 0, 
218, 10, 0, 
218, 11, 0, 
218, 13, 0, 
218, 14, 0, 
218, 35, 0, 
218, 36, 0, 
218, 37, 0, 
218, 38, 0, 
218, 43, 0, 
218, 44, 0, 
218, 45, 0, 
218, 46, 0, 
218, 87, 0, 
218, 89, 0, 
218, 91, 0, 
218, 97, 0, 
218, 98, 0, 
218, 99, 0, 
218, 100, 0, 
218, 159, 0, 
218, 160, 0, 
218, 161, 0, 
218, 162, 0, 
218, 166, 1, 
218, 167, 0, 
218, 168, 0, 
218, 169, 0, 
218, 212, 0, 
218, 213, 0, 
218, 214, 0, 
218, 225, 2, 
218, 226, 0, 
218, 227, 0, 
218, 228, 0, 
218, 229, 0, 
219, 0, 0, 
219, 3, 0, 
219, 9, 0, 
219, 10, 0, 
219, 11, 0, 
219, 13, 0, 
219, 14, 0, 
219, 36, 0, 
219, 37, 0, 
219, 38, 0, 
219, 44, 0, 
219, 45, 0, 
219, 46, 0, 
219, 89, 0, 
219, 91, 0, 
219, 98, 0, 
219, 99, 0, 
219, 100, 0, 
219, 160, 0, 
219, 161, 0, 
219, 162, 0, 
219, 167, 0, 
219, 168, 0, 
219, 169, 0, 
219, 213, 0, 
219, 214, 0, 
219, 226, 5, 
219, 227, 0, 
219, 228, 0, 
219, 229, 5, 
220, 0, 0, 
220, 3, 0, 
220, 9, 0, 
220, 10, 0, 
220, 11, 0, 
220, 13, 0, 
220, 14, 0, 
220, 37, 0, 
220, 38, 0, 
220, 45, 0, 
220, 46, 0, 
220, 91, 0, 
220, 99, 0, 
220, 100, 0, 
220, 161, 0, 
220, 162, 0, 
220, 168, 0, 
220, 169, 0, 
220, 214, 0, 
220, 227, 7, 
220, 228, 0, 
220, 229, 8, 
221, 0, 0, 
221, 3, 0, 
221, 9, 0, 
221, 10, 0, 
221, 11, 0, 
221, 13, 0, 
221, 14, 0, 
221, 38, 0, 
221, 46, 0, 
221, 100, 0, 
221, 162, 0, 
221, 169, 0, 
221, 228, 0, 
221, 229, 5, 
222, 1, 0, 
222, 3, 2, 
222, 5, 29, 
222, 9, 0, 
222, 11, 0, 
222, 13, 0, 
222, 14, 0, 
222, 19, 0, 
222, 20, 0, 
222, 21, 0, 
222, 22, 0, 
222, 23, 0, 
222, 24, 0, 
222, 25, 0, 
222, 26, 0, 
222, 27, 0, 
222, 28, 0, 
222, 29, 0, 
222, 30, 0, 
222, 32, 0, 
222, 33, 0, 
222, 34, 0, 
222, 35, 0, 
222, 36, 0, 
222, 37, 0, 
222, 38, 0, 
222, 40, 0, 
222, 41, 0, 
222, 42, 0, 
222, 43, 0, 
222, 44, 0, 
222, 45, 0, 
222, 46, 0, 
222, 82, 0, 
222, 84, 0, 
222, 86, 0, 
222, 88, 0, 
222, 90, 0, 
222, 92, 0, 
222, 94, 0, 
222, 95, 0, 
222, 96, 0, 
222, 97, 0, 
222, 98, 0, 
222, 99, 0, 
222, 100, 0, 
222, 157, 0, 
222, 158, 0, 
222, 159, 0, 
222, 160, 0, 
222, 161, 0, 
222, 162, 0, 
222, 163, 0, 
222, 164, 1, 
222, 165, 0, 
222, 166, 0, 
222, 167, 0, 
222, 168, 0, 
222, 169, 0, 
222, 170, 0, 
222, 171, 0, 
222, 172, 0, 
222, 173, 0, 
222, 174, 0, 
222, 175, 0, 
222, 176, 0, 
222, 177, 0, 
222, 178, 0, 
222, 179, 0, 
222, 180, 0, 
222, 181, 0, 
222, 182, 0, 
222, 183, 0, 
222, 209, 0, 
222, 210, 0, 
222, 211, 0, 
222, 212, 0, 
222, 213, 0, 
222, 214, 0, 
222, 216, 0, 
222, 217, 0, 
222, 218, 0, 
222, 219, 0, 
222, 220, 0, 
222, 221, 0, 
223, 1, 0, 
223, 3, 0, 
223, 5, 0, 
223, 9, 9, 
223, 11, 0, 
223, 13, 11, 
223, 14, 0, 
223, 21, 0, 
223, 22, 0, 
223, 23, 0, 
223, 24, 0, 
223, 25, 0, 
223, 26, 0, 
223, 27, 0, 
223, 28, 0, 
223, 29, 0, 
223, 30, 0, 
223, 33, 0, 
223, 34, 0, 
223, 35, 0, 
223, 36, 0, 
223, 37, 0, 
223, 38, 0, 
223, 41, 0, 
223, 42, 0, 
223, 43, 0, 
223, 44, 0, 
223, 45, 0, 
223, 46, 0, 
223, 84, 0, 
223, 86, 0, 
223, 88, 0, 
223, 90, 0, 
223, 92, 0, 
223, 95, 0, 
223, 96, 0, 
223, 97, 0, 
223, 98, 0, 
223, 99, 0, 
223, 100, 0, 
223, 158, 0, 
223, 159, 0, 
223, 160, 0, 
223, 161, 0, 
223, 162, 0, 
223, 164, 0, 
223, 165, 0, 
223, 166, 0, 
223, 167, 0, 
223, 168, 0, 
223, 169, 0, 
223, 171, 0, 
223, 172, 0, 
223, 173, 0, 
223, 174, 0, 
223, 175, 0, 
223, 176, 0, 
223, 178, 0, 
223, 179, 0, 
223, 180, 0, 
223, 181, 0, 
223, 182, 0, 
223, 183, 0, 
223, 210, 0, 
223, 211, 0, 
223, 212, 0, 
223, 213, 0, 
223, 214, 0, 
223, 217, 0, 
223, 218, 0, 
223, 219, 0, 
223, 220, 0, 
223, 221, 0, 
224, 1, 0, 
224, 3, 6, 
224, 5, 5, 
224, 9, 0, 
224, 11, 0, 
224, 13, 0, 
224, 14, 0, 
224, 23, 0, 
224, 24, 0, 
224, 25, 0, 
224, 26, 0, 
224, 27, 0, 
224, 28, 0, 
224, 29, 0, 
224, 30, 0, 
224, 34, 0, 
224, 35, 0, 
224, 36, 0, 
224, 37, 0, 
224, 38, 0, 
224, 42, 0, 
224, 43, 0, 
224, 44, 0, 
224, 45, 0, 
224, 46, 0, 
224, 86, 0, 
224, 88, 0, 
224, 90, 0, 
224, 92, 0, 
224, 96, 0, 
224, 97, 0, 
224, 98, 0, 
224, 99, 0, 
224, 100, 0, 
224, 159, 0, 
224, 160, 0, 
224, 161, 0, 
224, 162, 0, 
224, 165, 5, 
224, 166, 0, 
224, 167, 0, 
224, 168, 0, 
224, 169, 0, 
224, 172, 0, 
224, 173, 0, 
224, 174, 0, 
224, 175, 0, 
224, 176, 0, 
224, 179, 0, 
224, 180, 0, 
224, 181, 0, 
224, 182, 0, 
224, 183, 0, 
224, 211, 0, 
224, 212, 0, 
224, 213, 0, 
224, 214, 0, 
224, 218, 0, 
224, 219, 0, 
224, 220, 0, 
224, 221, 0, 
225, 1, 0, 
225, 3, 0, 
225, 5, 1, 
225, 9, 1, 
225, 11, 0, 
225, 13, 0, 
225, 14, 0, 
225, 25, 0, 
225, 26, 0, 
225, 27, 0, 
225, 28, 0, 
225, 29, 0, 
225, 30, 0, 
225, 35, 0, 
225, 36, 0, 
225, 37, 0, 
225, 38, 0, 
225, 43, 0, 
225, 44, 0, 
225, 45, 0, 
225, 46, 0, 
225, 88, 0, 
225, 90, 0, 
225, 92, 0, 
225, 97, 0, 
225, 98, 0, 
225, 99, 0, 
225, 100, 0, 
225, 160, 0, 
225, 161, 0, 
225, 162, 0, 
225, 166, 0, 
225, 167, 0, 
225, 168, 0, 
225, 169, 0, 
225, 173, 0, 
225, 174, 0, 
225, 175, 0, 
225, 176, 0, 
225, 180, 0, 
225, 181, 0, 
225, 182, 0, 
225, 183, 0, 
225, 212, 0, 
225, 213, 0, 
225, 214, 0, 
225, 219, 0, 
225, 220, 0, 
225, 221, 0, 
226, 1, 0, 
226, 3, 5, 
226, 5, 0, 
226, 9, 0, 
226, 11, 0, 
226, 13, 0, 
226, 14, 0, 
226, 27, 0, 
226, 28, 0, 
226, 29, 0, 
226, 30, 0, 
226, 36, 0, 
226, 37, 0, 
226, 38, 0, 
226, 44, 0, 
226, 45, 0, 
226, 46, 0, 
226, 90, 0, 
226, 92, 0, 
226, 98, 0, 
226, 99, 0, 
226, 100, 0, 
226, 161, 0, 
226, 162, 0, 
226, 167, 0, 
226, 168, 0, 
226, 169, 0, 
226, 174, 0, 
226, 175, 0, 
226, 176, 0, 
226, 181, 0, 
226, 182, 0, 
226, 183, 0, 
226, 213, 0, 
226, 214, 0, 
226, 220, 0, 
226, 221, 0, 
227, 1, 0, 
227, 3, 7, 
227, 5, 0, 
227, 9, 0, 
227, 11, 0, 
227, 13, 0, 
227, 14, 0, 
227, 29, 0, 
227, 30, 0, 
227, 37, 0, 
227, 38, 0, 
227, 45, 0, 
227, 46, 0, 
227, 92, 0, 
227, 99, 0, 
227, 100, 0, 
227, 162, 0, 
227, 168, 0, 
227, 169, 0, 
227, 175, 0, 
227, 176, 0, 
227, 182, 0, 
227, 183, 0, 
227, 214, 0, 
227, 221, 0, 
228, 1, 0, 
228, 3, 0, 
228, 5, 0, 
228, 9, 0, 
228, 11, 0, 
228, 13, 0, 
228, 14, 0, 
228, 38, 0, 
228, 46, 0, 
228, 100, 0, 
228, 169, 0, 
228, 176, 0, 
228, 183, 0, 
229, 10, 0, 
229, 11, 0, 
229, 14, 0, 
229, 39, 0, 
229, 40, 0, 
229, 41, 0, 
229, 42, 0, 
229, 43, 0, 
229, 44, 0, 
229, 45, 0, 
229, 46, 0, 
229, 47, 0, 
229, 48, 0, 
229, 49, 0, 
229, 50, 0, 
229, 51, 0, 
229, 52, 0, 
229, 53, 0, 
229, 54, 0, 
229, 78, 0, 
229, 80, 0, 
229, 82, 0, 
229, 84, 0, 
229, 86, 0, 
229, 88, 0, 
229, 90, 0, 
229, 92, 0, 
229, 93, 0, 
229, 94, 0, 
229, 95, 0, 
229, 96, 0, 
229, 97, 0, 
229, 98, 0, 
229, 99, 0, 
229, 100, 0, 
229, 101, 0, 
229, 102, 0, 
229, 103, 0, 
229, 104, 0, 
229, 105, 0, 
229, 106, 0, 
229, 107, 0, 
229, 108, 0, 
229, 109, 0, 
229, 110, 0, 
229, 111, 0, 
229, 112, 0, 
229, 113, 0, 
229, 114, 0, 
229, 115, 0, 
229, 116, 0, 
229, 149, 0, 
229, 150, 0, 
229, 151, 0, 
229, 152, 0, 
229, 153, 0, 
229, 154, 0, 
229, 155, 0, 
229, 156, 0, 
229, 157, 0, 
229, 158, 0, 
229, 159, 0, 
229, 160, 0, 
229, 161, 0, 
229, 162, 0, 
229, 185, 0, 
229, 187, 0, 
229, 189, 0, 
229, 191, 0, 
229, 193, 0, 
229, 195, 0, 
229, 197, 0, 
229, 199, 0, 
229, 200, 0, 
229, 201, 0, 
229, 202, 0, 
229, 203, 0, 
229, 204, 0, 
229, 205, 0, 
229, 206, 0, 
229, 207, 0, 
229, 208, 0, 
229, 209, 0, 
229, 210, 0, 
229, 211, 0, 
229, 212, 0, 
229, 213, 0, 
229, 214, 0, 
229, 215, 0, 
229, 216, 0, 
229, 217, 0, 
229, 218, 0, 
229, 219, 0, 
229, 220, 0, 
229, 221, 0, 

