0, 3, 0, 
0, 9, 0, 
0, 71, 0, 
0, 73, 0, 
0, 75, 0, 
0, 77, 0, 
0, 79, 0, 
0, 81, 0, 
0, 83, 0, 
0, 85, 0, 
0, 86, 3, 
0, 87, 0, 
0, 88, 0, 
0, 89, 0, 
0, 90, 0, 
0, 91, 0, 
0, 92, 0, 
0, 93, 0, 
0, 94, 56, 
0, 95, 0, 
0, 96, 0, 
0, 97, 0, 
0, 98, 0, 
0, 99, 0, 
0, 100, 0, 
0, 101, 0, 
0, 102, 54, 
0, 103, 0, 
0, 104, 0, 
0, 105, 0, 
0, 106, 0, 
0, 107, 0, 
0, 108, 0, 
0, 109, 0, 
0, 208, 0, 
0, 209, 0, 
0, 210, 0, 
0, 211, 0, 
0, 212, 0, 
0, 213, 0, 
0, 214, 0, 
0, 215, 0, 
0, 216, 0, 
0, 217, 0, 
0, 218, 0, 
0, 219, 0, 
0, 220, 0, 
0, 221, 0, 
0, 222, 12, 
0, 223, 0, 
0, 224, 0, 
0, 225, 0, 
0, 226, 0, 
0, 227, 0, 
0, 228, 0, 
0, 229, 0, 
0, 230, 0, 
0, 231, 0, 
0, 232, 0, 
0, 233, 0, 
0, 234, 0, 
0, 235, 0, 
1, 15, 0, 
1, 16, 0, 
1, 17, 0, 
1, 18, 0, 
1, 19, 0, 
1, 20, 1, 
1, 21, 0, 
1, 22, 7, 
1, 23, 0, 
1, 24, 12, 
1, 25, 0, 
1, 26, 2, 
1, 27, 0, 
1, 28, 7, 
1, 29, 0, 
1, 30, 0, 
1, 31, 0, 
1, 32, 0, 
1, 33, 7, 
1, 34, 1, 
1, 35, 5, 
1, 36, 0, 
1, 37, 0, 
1, 38, 0, 
1, 163, 0, 
1, 164, 0, 
1, 165, 0, 
1, 166, 0, 
1, 167, 0, 
1, 168, 0, 
1, 169, 0, 
1, 170, 0, 
1, 171, 0, 
1, 172, 0, 
1, 173, 0, 
1, 174, 0, 
1, 175, 0, 
1, 176, 0, 
1, 177, 0, 
1, 178, 0, 
1, 179, 0, 
1, 180, 0, 
1, 181, 0, 
1, 182, 0, 
1, 183, 0, 
2, 10, 0, 
2, 13, 0, 
2, 70, 0, 
2, 71, 0, 
2, 72, 0, 
2, 73, 0, 
2, 74, 1, 
2, 75, 26, 
2, 76, 0, 
2, 77, 0, 
2, 78, 0, 
2, 79, 2, 
2, 80, 0, 
2, 81, 4, 
2, 82, 0, 
2, 83, 3, 
2, 84, 0, 
2, 85, 1, 
2, 86, 0, 
2, 87, 0, 
2, 88, 0, 
2, 89, 0, 
2, 90, 0, 
2, 91, 0, 
2, 92, 0, 
2, 93, 0, 
2, 222, 0, 
2, 223, 0, 
2, 224, 0, 
2, 225, 0, 
2, 226, 0, 
2, 227, 0, 
2, 228, 0, 
2, 229, 0, 
2, 230, 0, 
2, 231, 0, 
2, 232, 0, 
2, 233, 0, 
2, 234, 0, 
2, 235, 0, 
2, 236, 0, 
2, 237, 0, 
2, 238, 0, 
2, 239, 0, 
2, 240, 0, 
2, 241, 0, 
2, 242, 0, 
3, 0, 0, 
3, 4, 0, 
3, 5, 0, 
3, 6, 0, 
3, 7, 0, 
3, 9, 0, 
3, 86, 0, 
3, 87, 0, 
3, 88, 0, 
3, 89, 0, 
3, 90, 0, 
3, 91, 0, 
3, 92, 0, 
3, 93, 0, 
3, 94, 0, 
3, 95, 0, 
3, 96, 0, 
3, 97, 0, 
3, 98, 0, 
3, 99, 0, 
3, 100, 0, 
3, 101, 0, 
3, 102, 0, 
3, 103, 0, 
3, 104, 0, 
3, 105, 0, 
3, 106, 0, 
3, 107, 0, 
3, 108, 0, 
3, 109, 0, 
3, 110, 0, 
3, 111, 0, 
3, 112, 0, 
3, 113, 0, 
3, 114, 0, 
3, 115, 0, 
3, 116, 0, 
3, 117, 0, 
3, 200, 0, 
3, 201, 0, 
3, 202, 0, 
3, 203, 0, 
3, 204, 0, 
3, 205, 0, 
3, 206, 0, 
3, 207, 0, 
3, 208, 0, 
3, 209, 0, 
3, 210, 0, 
3, 211, 0, 
3, 212, 0, 
3, 213, 0, 
3, 214, 0, 
3, 215, 24, 
3, 216, 0, 
3, 217, 4, 
3, 218, 9, 
3, 219, 6, 
3, 220, 7, 
3, 221, 0, 
3, 222, 0, 
3, 223, 0, 
3, 224, 0, 
3, 225, 0, 
3, 226, 0, 
3, 227, 0, 
3, 228, 0, 
3, 243, 0, 
4, 3, 0, 
4, 5, 0, 
4, 6, 0, 
4, 7, 0, 
4, 9, 0, 
4, 16, 0, 
4, 18, 0, 
4, 20, 0, 
4, 22, 0, 
4, 24, 0, 
4, 26, 0, 
4, 28, 0, 
4, 30, 0, 
4, 31, 0, 
4, 32, 20, 
4, 33, 0, 
4, 34, 7, 
4, 35, 4, 
4, 36, 2, 
4, 37, 2, 
4, 38, 0, 
4, 39, 0, 
4, 40, 0, 
4, 41, 0, 
4, 42, 0, 
4, 43, 0, 
4, 44, 0, 
4, 45, 0, 
4, 46, 0, 
4, 102, 0, 
4, 103, 0, 
4, 104, 0, 
4, 105, 0, 
4, 106, 0, 
4, 107, 0, 
4, 108, 0, 
4, 109, 0, 
4, 110, 0, 
4, 111, 0, 
4, 112, 0, 
4, 113, 0, 
4, 114, 0, 
4, 115, 0, 
4, 116, 0, 
4, 117, 0, 
4, 118, 0, 
4, 119, 0, 
4, 120, 0, 
4, 121, 0, 
4, 122, 0, 
4, 123, 0, 
4, 124, 0, 
4, 156, 0, 
4, 157, 0, 
4, 158, 0, 
4, 159, 0, 
4, 160, 0, 
4, 161, 0, 
4, 162, 0, 
4, 163, 0, 
4, 164, 0, 
4, 165, 0, 
4, 166, 0, 
4, 167, 0, 
4, 168, 0, 
4, 169, 0, 
4, 170, 0, 
4, 171, 0, 
4, 172, 0, 
4, 173, 0, 
4, 174, 0, 
4, 175, 0, 
4, 176, 0, 
4, 185, 0, 
4, 187, 0, 
4, 189, 0, 
4, 191, 0, 
4, 193, 0, 
4, 195, 0, 
4, 197, 0, 
4, 199, 0, 
4, 200, 0, 
4, 201, 0, 
4, 202, 0, 
4, 203, 3, 
4, 204, 0, 
4, 205, 0, 
4, 206, 0, 
4, 207, 0, 
4, 208, 0, 
4, 209, 0, 
4, 210, 0, 
4, 211, 0, 
4, 212, 0, 
4, 213, 0, 
4, 214, 0, 
5, 3, 0, 
5, 4, 0, 
5, 6, 0, 
5, 7, 0, 
5, 9, 0, 
5, 31, 0, 
5, 32, 0, 
5, 33, 0, 
5, 34, 0, 
5, 35, 0, 
5, 36, 0, 
5, 37, 0, 
5, 38, 0, 
5, 39, 0, 
5, 40, 0, 
5, 41, 0, 
5, 42, 1, 
5, 43, 0, 
5, 44, 0, 
5, 45, 0, 
5, 46, 0, 
5, 94, 0, 
5, 95, 0, 
5, 96, 0, 
5, 97, 0, 
5, 98, 0, 
5, 99, 0, 
5, 100, 0, 
5, 101, 0, 
5, 102, 0, 
5, 103, 18, 
5, 104, 5, 
5, 105, 0, 
5, 106, 0, 
5, 107, 0, 
5, 108, 0, 
5, 109, 0, 
5, 110, 0, 
5, 111, 0, 
5, 112, 0, 
5, 113, 0, 
5, 114, 0, 
5, 115, 0, 
5, 116, 0, 
5, 117, 0, 
5, 118, 0, 
5, 119, 0, 
5, 120, 0, 
5, 121, 0, 
5, 122, 0, 
5, 123, 0, 
5, 124, 0, 
5, 156, 0, 
5, 157, 0, 
5, 158, 0, 
5, 159, 0, 
5, 160, 0, 
5, 161, 0, 
5, 162, 0, 
5, 163, 0, 
5, 164, 0, 
5, 165, 0, 
5, 166, 0, 
5, 167, 0, 
5, 168, 0, 
5, 169, 0, 
5, 185, 0, 
5, 187, 0, 
5, 189, 0, 
5, 191, 0, 
5, 193, 0, 
5, 195, 0, 
5, 197, 0, 
5, 199, 0, 
5, 200, 15, 
5, 201, 0, 
5, 202, 0, 
5, 203, 0, 
5, 204, 0, 
5, 205, 0, 
5, 206, 0, 
5, 207, 0, 
5, 208, 0, 
5, 209, 0, 
5, 210, 0, 
5, 211, 0, 
5, 212, 0, 
5, 213, 0, 
5, 214, 0, 
5, 215, 0, 
5, 216, 0, 
5, 217, 0, 
5, 218, 0, 
5, 219, 0, 
5, 220, 0, 
5, 221, 0, 
6, 3, 0, 
6, 4, 0, 
6, 5, 0, 
6, 7, 0, 
6, 9, 0, 
6, 16, 0, 
6, 18, 0, 
6, 20, 0, 
6, 22, 0, 
6, 24, 0, 
6, 26, 0, 
6, 28, 0, 
6, 30, 0, 
6, 31, 0, 
6, 32, 0, 
6, 33, 0, 
6, 34, 0, 
6, 35, 0, 
6, 36, 0, 
6, 37, 0, 
6, 38, 0, 
6, 39, 0, 
6, 40, 0, 
6, 41, 0, 
6, 42, 0, 
6, 43, 0, 
6, 44, 0, 
6, 45, 0, 
6, 46, 0, 
6, 102, 0, 
6, 103, 0, 
6, 104, 0, 
6, 105, 0, 
6, 106, 0, 
6, 107, 0, 
6, 108, 0, 
6, 109, 0, 
6, 110, 0, 
6, 111, 0, 
6, 112, 0, 
6, 113, 0, 
6, 114, 0, 
6, 115, 0, 
6, 116, 0, 
6, 117, 0, 
6, 118, 0, 
6, 119, 0, 
6, 120, 0, 
6, 121, 0, 
6, 122, 0, 
6, 123, 0, 
6, 124, 0, 
6, 125, 0, 
6, 126, 0, 
6, 127, 0, 
6, 128, 0, 
6, 129, 0, 
6, 130, 0, 
6, 131, 0, 
6, 156, 0, 
6, 157, 0, 
6, 158, 0, 
6, 159, 0, 
6, 160, 0, 
6, 161, 0, 
6, 162, 0, 
6, 163, 0, 
6, 164, 0, 
6, 165, 0, 
6, 166, 0, 
6, 167, 0, 
6, 168, 0, 
6, 169, 0, 
6, 170, 0, 
6, 171, 0, 
6, 172, 0, 
6, 173, 0, 
6, 174, 0, 
6, 175, 0, 
6, 176, 0, 
6, 184, 0, 
6, 185, 0, 
6, 186, 0, 
6, 187, 0, 
6, 188, 0, 
6, 189, 0, 
6, 190, 0, 
6, 191, 0, 
6, 192, 0, 
6, 193, 0, 
6, 194, 0, 
6, 195, 0, 
6, 196, 0, 
6, 197, 0, 
6, 198, 0, 
6, 199, 0, 
6, 200, 0, 
6, 201, 0, 
6, 202, 3, 
6, 203, 3, 
6, 204, 4, 
6, 205, 7, 
6, 206, 0, 
6, 207, 0, 
6, 208, 2, 
6, 209, 0, 
6, 210, 0, 
6, 211, 0, 
6, 212, 0, 
6, 213, 0, 
6, 214, 0, 
7, 3, 0, 
7, 4, 0, 
7, 5, 0, 
7, 6, 0, 
7, 102, 0, 
7, 103, 0, 
7, 104, 0, 
7, 105, 0, 
7, 106, 0, 
7, 107, 0, 
7, 108, 0, 
7, 109, 0, 
7, 110, 0, 
7, 111, 0, 
7, 112, 0, 
7, 113, 0, 
7, 114, 0, 
7, 115, 0, 
7, 116, 0, 
7, 117, 0, 
7, 118, 0, 
7, 119, 0, 
7, 120, 0, 
7, 121, 0, 
7, 122, 0, 
7, 123, 0, 
7, 124, 0, 
7, 125, 0, 
7, 126, 0, 
7, 127, 0, 
7, 128, 0, 
7, 129, 0, 
7, 130, 0, 
7, 131, 0, 
7, 184, 0, 
7, 185, 0, 
7, 186, 0, 
7, 187, 9, 
7, 188, 0, 
7, 189, 0, 
7, 190, 0, 
7, 191, 5, 
7, 192, 0, 
7, 193, 2, 
7, 194, 0, 
7, 195, 0, 
7, 196, 0, 
7, 197, 0, 
7, 198, 0, 
7, 199, 0, 
7, 200, 17, 
7, 201, 0, 
7, 202, 20, 
7, 203, 2, 
7, 204, 4, 
7, 205, 0, 
7, 206, 0, 
7, 207, 0, 
7, 208, 0, 
7, 209, 0, 
7, 210, 0, 
7, 211, 0, 
7, 212, 0, 
7, 213, 0, 
7, 214, 0, 
8, 11, 0, 
8, 12, 0, 
8, 14, 0, 
8, 47, 0, 
8, 48, 0, 
8, 49, 0, 
8, 50, 0, 
8, 51, 0, 
8, 52, 0, 
8, 53, 0, 
8, 54, 0, 
8, 55, 0, 
8, 56, 0, 
8, 57, 0, 
8, 58, 0, 
8, 59, 0, 
8, 60, 0, 
8, 61, 0, 
8, 62, 0, 
8, 63, 0, 
8, 64, 0, 
8, 65, 0, 
8, 66, 0, 
8, 67, 0, 
8, 68, 0, 
8, 69, 0, 
8, 132, 0, 
8, 133, 0, 
8, 134, 0, 
8, 135, 0, 
8, 136, 0, 
8, 137, 7, 
8, 138, 0, 
8, 139, 8, 
8, 140, 0, 
8, 141, 17, 
8, 142, 0, 
8, 143, 2, 
8, 144, 0, 
8, 145, 3, 
8, 146, 0, 
8, 147, 0, 
8, 148, 0, 
8, 149, 0, 
8, 150, 0, 
8, 151, 1, 
8, 152, 0, 
8, 153, 0, 
8, 154, 4, 
8, 155, 0, 
9, 0, 0, 
9, 3, 0, 
9, 4, 0, 
9, 5, 4, 
9, 6, 0, 
9, 11, 0, 
9, 39, 0, 
9, 40, 0, 
9, 41, 0, 
9, 42, 0, 
9, 43, 0, 
9, 44, 0, 
9, 45, 0, 
9, 46, 0, 
9, 86, 0, 
9, 87, 0, 
9, 88, 0, 
9, 89, 0, 
9, 90, 0, 
9, 91, 0, 
9, 92, 0, 
9, 93, 0, 
9, 94, 0, 
9, 95, 0, 
9, 96, 0, 
9, 97, 0, 
9, 98, 0, 
9, 99, 0, 
9, 100, 0, 
9, 101, 0, 
9, 102, 0, 
9, 103, 0, 
9, 104, 17, 
9, 105, 0, 
9, 106, 0, 
9, 107, 0, 
9, 108, 0, 
9, 109, 0, 
9, 110, 0, 
9, 111, 0, 
9, 112, 0, 
9, 113, 0, 
9, 114, 0, 
9, 115, 0, 
9, 116, 0, 
9, 117, 0, 
9, 156, 0, 
9, 157, 0, 
9, 158, 0, 
9, 159, 0, 
9, 160, 0, 
9, 161, 0, 
9, 162, 0, 
9, 200, 0, 
9, 201, 0, 
9, 202, 0, 
9, 203, 0, 
9, 204, 0, 
9, 205, 0, 
9, 206, 0, 
9, 207, 0, 
9, 208, 0, 
9, 209, 0, 
9, 210, 2, 
9, 211, 0, 
9, 212, 0, 
9, 213, 0, 
9, 214, 0, 
9, 215, 0, 
9, 216, 0, 
9, 217, 2, 
9, 218, 0, 
9, 219, 0, 
9, 220, 2, 
9, 221, 1, 
9, 222, 0, 
9, 223, 0, 
9, 224, 0, 
9, 225, 0, 
9, 226, 0, 
9, 227, 0, 
9, 228, 0, 
9, 243, 9, 
10, 2, 22, 
10, 13, 0, 
10, 70, 0, 
10, 71, 0, 
10, 72, 0, 
10, 73, 0, 
10, 74, 2, 
10, 75, 7, 
10, 76, 0, 
10, 77, 0, 
10, 78, 2, 
10, 79, 2, 
10, 80, 2, 
10, 81, 3, 
10, 82, 1, 
10, 83, 3, 
10, 84, 1, 
10, 85, 5, 
10, 86, 0, 
10, 87, 0, 
10, 88, 0, 
10, 89, 0, 
10, 90, 0, 
10, 91, 0, 
10, 92, 0, 
10, 93, 0, 
10, 222, 0, 
10, 223, 0, 
10, 224, 0, 
10, 225, 0, 
10, 226, 0, 
10, 227, 0, 
10, 228, 0, 
10, 229, 0, 
10, 230, 0, 
10, 231, 0, 
10, 232, 0, 
10, 233, 0, 
10, 234, 0, 
10, 235, 0, 
10, 236, 0, 
10, 237, 0, 
10, 238, 0, 
10, 239, 0, 
10, 240, 0, 
10, 241, 0, 
10, 242, 0, 
11, 8, 0, 
11, 9, 0, 
11, 12, 0, 
11, 39, 0, 
11, 40, 0, 
11, 41, 0, 
11, 42, 0, 
11, 43, 0, 
11, 44, 0, 
11, 45, 0, 
11, 46, 0, 
11, 47, 0, 
11, 48, 0, 
11, 49, 0, 
11, 50, 0, 
11, 51, 0, 
11, 52, 0, 
11, 53, 0, 
11, 54, 0, 
11, 55, 0, 
11, 56, 0, 
11, 57, 0, 
11, 58, 0, 
11, 59, 0, 
11, 60, 0, 
11, 61, 0, 
11, 62, 0, 
11, 63, 0, 
11, 64, 0, 
11, 65, 0, 
11, 66, 0, 
11, 67, 0, 
11, 68, 0, 
11, 69, 0, 
11, 132, 0, 
11, 133, 0, 
11, 134, 0, 
11, 135, 0, 
11, 136, 0, 
11, 137, 0, 
11, 138, 0, 
11, 139, 0, 
11, 140, 0, 
11, 141, 0, 
11, 142, 0, 
11, 143, 0, 
11, 144, 0, 
11, 145, 0, 
11, 146, 0, 
11, 147, 0, 
11, 148, 0, 
11, 149, 20, 
11, 150, 0, 
11, 151, 7, 
11, 152, 4, 
11, 153, 2, 
11, 154, 2, 
11, 155, 0, 
11, 156, 0, 
11, 157, 0, 
11, 158, 0, 
11, 159, 0, 
11, 160, 3, 
11, 161, 0, 
11, 162, 0, 
12, 8, 0, 
12, 11, 0, 
12, 14, 0, 
12, 39, 0, 
12, 40, 0, 
12, 41, 0, 
12, 42, 0, 
12, 43, 0, 
12, 44, 0, 
12, 45, 0, 
12, 46, 0, 
12, 47, 0, 
12, 48, 0, 
12, 49, 0, 
12, 50, 0, 
12, 51, 0, 
12, 52, 0, 
12, 53, 0, 
12, 54, 0, 
12, 55, 0, 
12, 56, 0, 
12, 57, 0, 
12, 58, 0, 
12, 59, 0, 
12, 60, 0, 
12, 61, 0, 
12, 62, 0, 
12, 63, 0, 
12, 64, 0, 
12, 65, 0, 
12, 66, 0, 
12, 67, 0, 
12, 68, 0, 
12, 69, 0, 
12, 132, 0, 
12, 133, 0, 
12, 134, 0, 
12, 135, 0, 
12, 136, 0, 
12, 137, 0, 
12, 138, 0, 
12, 139, 0, 
12, 140, 0, 
12, 141, 1, 
12, 142, 0, 
12, 143, 0, 
12, 144, 0, 
12, 145, 0, 
12, 146, 0, 
12, 147, 0, 
12, 148, 0, 
12, 149, 15, 
12, 150, 18, 
12, 151, 5, 
12, 152, 0, 
12, 153, 0, 
12, 154, 0, 
12, 155, 0, 
12, 156, 0, 
12, 157, 0, 
12, 158, 0, 
12, 159, 0, 
12, 160, 0, 
12, 161, 0, 
12, 162, 0, 
13, 2, 0, 
13, 10, 0, 
13, 70, 0, 
13, 71, 0, 
13, 72, 0, 
13, 73, 0, 
13, 74, 1, 
13, 75, 1, 
13, 76, 0, 
13, 77, 0, 
13, 78, 1, 
13, 79, 2, 
13, 80, 1, 
13, 81, 2, 
13, 82, 1, 
13, 83, 3, 
13, 84, 2, 
13, 85, 5, 
13, 86, 0, 
13, 87, 0, 
13, 88, 0, 
13, 89, 0, 
13, 90, 0, 
13, 91, 0, 
13, 92, 0, 
13, 93, 0, 
13, 222, 0, 
13, 223, 0, 
13, 224, 0, 
13, 225, 0, 
13, 226, 0, 
13, 227, 0, 
13, 228, 0, 
13, 229, 0, 
13, 230, 0, 
13, 231, 0, 
13, 232, 0, 
13, 233, 0, 
13, 234, 0, 
13, 235, 0, 
13, 236, 0, 
13, 237, 0, 
13, 238, 0, 
13, 239, 0, 
13, 240, 0, 
13, 241, 0, 
13, 242, 0, 
14, 8, 0, 
14, 12, 0, 
14, 55, 0, 
14, 56, 0, 
14, 57, 0, 
14, 58, 0, 
14, 59, 0, 
14, 60, 0, 
14, 61, 0, 
14, 62, 0, 
14, 63, 0, 
14, 64, 0, 
14, 65, 0, 
14, 66, 0, 
14, 67, 0, 
14, 68, 0, 
14, 69, 0, 
14, 132, 0, 
14, 133, 0, 
14, 134, 0, 
14, 135, 0, 
14, 136, 17, 
14, 137, 0, 
14, 138, 9, 
14, 139, 0, 
14, 140, 20, 
14, 141, 0, 
14, 142, 7, 
14, 143, 0, 
14, 144, 6, 
14, 145, 0, 
14, 146, 0, 
14, 147, 0, 
15, 1, 0, 
15, 16, 0, 
15, 18, 0, 
15, 20, 0, 
15, 22, 0, 
15, 24, 0, 
15, 26, 0, 
15, 28, 0, 
15, 30, 0, 
15, 118, 0, 
15, 119, 0, 
15, 120, 0, 
15, 121, 0, 
15, 122, 0, 
15, 123, 0, 
15, 124, 0, 
15, 170, 0, 
15, 171, 0, 
15, 172, 0, 
15, 173, 0, 
15, 174, 0, 
15, 175, 0, 
15, 176, 0, 
15, 185, 0, 
15, 187, 0, 
15, 189, 0, 
15, 191, 0, 
15, 193, 0, 
15, 195, 0, 
15, 197, 0, 
15, 199, 0, 
16, 1, 0, 
16, 4, 0, 
16, 6, 0, 
16, 17, 0, 
16, 19, 0, 
16, 21, 0, 
16, 23, 0, 
16, 25, 0, 
16, 27, 0, 
16, 29, 0, 
16, 31, 0, 
16, 32, 0, 
16, 33, 0, 
16, 34, 0, 
16, 35, 0, 
16, 36, 0, 
16, 37, 0, 
16, 38, 0, 
16, 110, 0, 
16, 111, 0, 
16, 112, 0, 
16, 113, 0, 
16, 114, 0, 
16, 115, 0, 
16, 116, 0, 
16, 117, 0, 
16, 118, 0, 
16, 119, 0, 
16, 120, 0, 
16, 121, 0, 
16, 122, 0, 
16, 123, 0, 
16, 124, 0, 
16, 163, 0, 
16, 164, 0, 
16, 165, 0, 
16, 166, 0, 
16, 167, 0, 
16, 168, 0, 
16, 169, 0, 
16, 177, 0, 
16, 178, 0, 
16, 179, 0, 
16, 180, 0, 
16, 181, 0, 
16, 182, 0, 
16, 183, 0, 
16, 185, 0, 
16, 187, 0, 
16, 189, 0, 
16, 191, 0, 
16, 193, 0, 
16, 195, 0, 
16, 197, 0, 
16, 199, 0, 
16, 200, 0, 
16, 201, 0, 
16, 202, 0, 
16, 203, 0, 
16, 204, 0, 
16, 205, 0, 
16, 206, 0, 
16, 207, 0, 
17, 1, 0, 
17, 18, 0, 
17, 20, 0, 
17, 22, 0, 
17, 24, 0, 
17, 26, 0, 
17, 28, 0, 
17, 30, 0, 
17, 118, 0, 
17, 119, 0, 
17, 120, 0, 
17, 121, 0, 
17, 122, 0, 
17, 123, 0, 
17, 124, 0, 
17, 170, 0, 
17, 171, 0, 
17, 172, 0, 
17, 173, 0, 
17, 174, 0, 
17, 175, 0, 
17, 176, 0, 
17, 187, 0, 
17, 189, 0, 
17, 191, 0, 
17, 193, 0, 
17, 195, 0, 
17, 197, 0, 
17, 199, 0, 
18, 1, 0, 
18, 4, 0, 
18, 6, 0, 
18, 19, 0, 
18, 21, 0, 
18, 23, 0, 
18, 25, 0, 
18, 27, 0, 
18, 29, 0, 
18, 32, 0, 
18, 33, 0, 
18, 34, 0, 
18, 35, 0, 
18, 36, 0, 
18, 37, 0, 
18, 38, 0, 
18, 111, 0, 
18, 112, 0, 
18, 113, 0, 
18, 114, 0, 
18, 115, 0, 
18, 116, 0, 
18, 117, 0, 
18, 118, 0, 
18, 119, 0, 
18, 120, 0, 
18, 121, 0, 
18, 122, 0, 
18, 123, 0, 
18, 124, 0, 
18, 163, 0, 
18, 164, 0, 
18, 165, 0, 
18, 166, 0, 
18, 167, 0, 
18, 168, 0, 
18, 169, 0, 
18, 177, 0, 
18, 178, 0, 
18, 179, 0, 
18, 180, 0, 
18, 181, 0, 
18, 182, 0, 
18, 183, 0, 
18, 187, 0, 
18, 189, 0, 
18, 191, 0, 
18, 193, 0, 
18, 195, 0, 
18, 197, 0, 
18, 199, 0, 
18, 201, 0, 
18, 202, 0, 
18, 203, 0, 
18, 204, 0, 
18, 205, 0, 
18, 206, 0, 
18, 207, 0, 
19, 1, 0, 
19, 20, 0, 
19, 22, 0, 
19, 24, 0, 
19, 26, 0, 
19, 28, 0, 
19, 30, 0, 
19, 119, 0, 
19, 120, 0, 
19, 121, 0, 
19, 122, 0, 
19, 123, 0, 
19, 124, 0, 
19, 171, 0, 
19, 172, 0, 
19, 173, 0, 
19, 174, 0, 
19, 175, 0, 
19, 176, 0, 
19, 189, 0, 
19, 191, 0, 
19, 193, 0, 
19, 195, 0, 
19, 197, 0, 
19, 199, 0, 
20, 1, 0, 
20, 4, 0, 
20, 6, 0, 
20, 21, 0, 
20, 23, 0, 
20, 25, 0, 
20, 27, 0, 
20, 29, 0, 
20, 33, 1, 
20, 34, 0, 
20, 35, 0, 
20, 36, 0, 
20, 37, 0, 
20, 38, 0, 
20, 112, 0, 
20, 113, 0, 
20, 114, 0, 
20, 115, 0, 
20, 116, 0, 
20, 117, 0, 
20, 119, 0, 
20, 120, 0, 
20, 121, 0, 
20, 122, 0, 
20, 123, 0, 
20, 124, 0, 
20, 164, 0, 
20, 165, 0, 
20, 166, 0, 
20, 167, 0, 
20, 168, 0, 
20, 169, 0, 
20, 178, 0, 
20, 179, 0, 
20, 180, 0, 
20, 181, 0, 
20, 182, 0, 
20, 183, 0, 
20, 189, 0, 
20, 191, 0, 
20, 193, 0, 
20, 195, 0, 
20, 197, 0, 
20, 199, 0, 
20, 202, 0, 
20, 203, 0, 
20, 204, 0, 
20, 205, 0, 
20, 206, 0, 
20, 207, 0, 
21, 1, 0, 
21, 22, 0, 
21, 24, 0, 
21, 26, 0, 
21, 28, 0, 
21, 30, 0, 
21, 120, 0, 
21, 121, 0, 
21, 122, 0, 
21, 123, 0, 
21, 124, 0, 
21, 172, 0, 
21, 173, 0, 
21, 174, 0, 
21, 175, 0, 
21, 176, 0, 
21, 191, 0, 
21, 193, 0, 
21, 195, 0, 
21, 197, 0, 
21, 199, 0, 
22, 1, 0, 
22, 4, 0, 
22, 6, 0, 
22, 23, 0, 
22, 25, 0, 
22, 27, 0, 
22, 29, 0, 
22, 34, 7, 
22, 35, 0, 
22, 36, 0, 
22, 37, 0, 
22, 38, 0, 
22, 113, 0, 
22, 114, 0, 
22, 115, 0, 
22, 116, 0, 
22, 117, 0, 
22, 120, 0, 
22, 121, 0, 
22, 122, 0, 
22, 123, 0, 
22, 124, 0, 
22, 165, 0, 
22, 166, 0, 
22, 167, 0, 
22, 168, 0, 
22, 169, 0, 
22, 179, 0, 
22, 180, 0, 
22, 181, 0, 
22, 182, 0, 
22, 183, 0, 
22, 191, 0, 
22, 193, 0, 
22, 195, 0, 
22, 197, 0, 
22, 199, 0, 
22, 203, 0, 
22, 204, 0, 
22, 205, 0, 
22, 206, 0, 
22, 207, 0, 
23, 1, 0, 
23, 24, 0, 
23, 26, 0, 
23, 28, 0, 
23, 30, 0, 
23, 121, 0, 
23, 122, 0, 
23, 123, 0, 
23, 124, 0, 
23, 173, 0, 
23, 174, 0, 
23, 175, 0, 
23, 176, 0, 
23, 193, 0, 
23, 195, 0, 
23, 197, 0, 
23, 199, 0, 
24, 1, 0, 
24, 4, 0, 
24, 6, 0, 
24, 25, 0, 
24, 27, 0, 
24, 29, 0, 
24, 35, 12, 
24, 36, 0, 
24, 37, 0, 
24, 38, 0, 
24, 114, 0, 
24, 115, 0, 
24, 116, 0, 
24, 117, 0, 
24, 121, 0, 
24, 122, 0, 
24, 123, 0, 
24, 124, 0, 
24, 166, 0, 
24, 167, 0, 
24, 168, 0, 
24, 169, 0, 
24, 180, 0, 
24, 181, 0, 
24, 182, 0, 
24, 183, 0, 
24, 193, 0, 
24, 195, 0, 
24, 197, 0, 
24, 199, 0, 
24, 204, 0, 
24, 205, 0, 
24, 206, 0, 
24, 207, 0, 
25, 1, 0, 
25, 26, 0, 
25, 28, 0, 
25, 30, 0, 
25, 122, 0, 
25, 123, 0, 
25, 124, 0, 
25, 174, 0, 
25, 175, 0, 
25, 176, 0, 
25, 195, 0, 
25, 197, 0, 
25, 199, 0, 
26, 1, 0, 
26, 4, 0, 
26, 6, 0, 
26, 27, 0, 
26, 29, 0, 
26, 36, 2, 
26, 37, 0, 
26, 38, 0, 
26, 115, 0, 
26, 116, 0, 
26, 117, 0, 
26, 122, 0, 
26, 123, 0, 
26, 124, 0, 
26, 167, 0, 
26, 168, 0, 
26, 169, 0, 
26, 181, 0, 
26, 182, 0, 
26, 183, 0, 
26, 195, 0, 
26, 197, 0, 
26, 199, 0, 
26, 205, 0, 
26, 206, 0, 
26, 207, 0, 
27, 1, 0, 
27, 28, 0, 
27, 30, 0, 
27, 123, 0, 
27, 124, 0, 
27, 175, 0, 
27, 176, 0, 
27, 197, 0, 
27, 199, 0, 
28, 1, 0, 
28, 4, 0, 
28, 6, 0, 
28, 29, 0, 
28, 37, 7, 
28, 38, 0, 
28, 116, 0, 
28, 117, 0, 
28, 123, 0, 
28, 124, 0, 
28, 168, 0, 
28, 169, 0, 
28, 182, 0, 
28, 183, 0, 
28, 197, 0, 
28, 199, 0, 
28, 206, 0, 
28, 207, 0, 
29, 1, 0, 
29, 30, 0, 
29, 124, 0, 
29, 176, 0, 
29, 199, 0, 
30, 1, 0, 
30, 4, 0, 
30, 6, 0, 
30, 38, 0, 
30, 117, 0, 
30, 124, 0, 
30, 169, 0, 
30, 183, 0, 
30, 199, 0, 
30, 207, 0, 
31, 1, 0, 
31, 4, 0, 
31, 5, 0, 
31, 6, 0, 
31, 18, 0, 
31, 20, 0, 
31, 22, 0, 
31, 24, 0, 
31, 26, 0, 
31, 28, 0, 
31, 30, 0, 
31, 39, 0, 
31, 40, 0, 
31, 41, 0, 
31, 42, 0, 
31, 43, 0, 
31, 44, 0, 
31, 45, 0, 
31, 46, 0, 
31, 110, 0, 
31, 111, 0, 
31, 112, 0, 
31, 113, 0, 
31, 114, 0, 
31, 115, 0, 
31, 116, 0, 
31, 117, 0, 
31, 118, 0, 
31, 119, 0, 
31, 120, 0, 
31, 121, 0, 
31, 122, 0, 
31, 123, 0, 
31, 124, 0, 
31, 156, 0, 
31, 157, 0, 
31, 158, 0, 
31, 159, 0, 
31, 160, 0, 
31, 161, 0, 
31, 162, 0, 
31, 170, 0, 
31, 171, 0, 
31, 172, 0, 
31, 173, 0, 
31, 174, 0, 
31, 175, 0, 
31, 176, 0, 
31, 185, 0, 
31, 187, 0, 
31, 189, 0, 
31, 191, 0, 
31, 193, 0, 
31, 195, 0, 
31, 197, 0, 
31, 199, 0, 
31, 200, 0, 
31, 201, 0, 
31, 202, 0, 
31, 203, 0, 
31, 204, 0, 
31, 205, 0, 
31, 206, 0, 
31, 207, 0, 
32, 1, 0, 
32, 4, 0, 
32, 5, 0, 
32, 6, 0, 
32, 20, 0, 
32, 22, 0, 
32, 24, 0, 
32, 26, 0, 
32, 28, 0, 
32, 30, 0, 
32, 40, 20, 
32, 41, 0, 
32, 42, 0, 
32, 43, 0, 
32, 44, 0, 
32, 45, 0, 
32, 46, 0, 
32, 111, 0, 
32, 112, 0, 
32, 113, 0, 
32, 114, 0, 
32, 115, 0, 
32, 116, 0, 
32, 117, 0, 
32, 119, 0, 
32, 120, 0, 
32, 121, 0, 
32, 122, 0, 
32, 123, 0, 
32, 124, 0, 
32, 157, 0, 
32, 158, 0, 
32, 159, 0, 
32, 160, 0, 
32, 161, 0, 
32, 162, 0, 
32, 170, 0, 
32, 171, 0, 
32, 172, 0, 
32, 173, 0, 
32, 174, 0, 
32, 175, 0, 
32, 176, 0, 
32, 187, 0, 
32, 189, 0, 
32, 191, 0, 
32, 193, 0, 
32, 195, 0, 
32, 197, 0, 
32, 199, 0, 
32, 201, 0, 
32, 202, 0, 
32, 203, 0, 
32, 204, 0, 
32, 205, 0, 
32, 206, 0, 
32, 207, 0, 
33, 1, 0, 
33, 4, 0, 
33, 5, 0, 
33, 6, 0, 
33, 22, 0, 
33, 24, 0, 
33, 26, 0, 
33, 28, 0, 
33, 30, 0, 
33, 41, 9, 
33, 42, 0, 
33, 43, 0, 
33, 44, 0, 
33, 45, 0, 
33, 46, 0, 
33, 112, 0, 
33, 113, 0, 
33, 114, 0, 
33, 115, 0, 
33, 116, 0, 
33, 117, 0, 
33, 120, 0, 
33, 121, 0, 
33, 122, 0, 
33, 123, 0, 
33, 124, 0, 
33, 158, 0, 
33, 159, 0, 
33, 160, 0, 
33, 161, 0, 
33, 162, 0, 
33, 171, 0, 
33, 172, 0, 
33, 173, 0, 
33, 174, 0, 
33, 175, 0, 
33, 176, 0, 
33, 189, 0, 
33, 191, 0, 
33, 193, 0, 
33, 195, 0, 
33, 197, 0, 
33, 199, 0, 
33, 202, 0, 
33, 203, 0, 
33, 204, 0, 
33, 205, 0, 
33, 206, 0, 
33, 207, 0, 
34, 1, 0, 
34, 4, 0, 
34, 5, 0, 
34, 6, 0, 
34, 24, 0, 
34, 26, 0, 
34, 28, 0, 
34, 30, 0, 
34, 42, 15, 
34, 43, 0, 
34, 44, 0, 
34, 45, 0, 
34, 46, 0, 
34, 113, 0, 
34, 114, 0, 
34, 115, 0, 
34, 116, 0, 
34, 117, 0, 
34, 121, 0, 
34, 122, 0, 
34, 123, 0, 
34, 124, 0, 
34, 159, 0, 
34, 160, 0, 
34, 161, 0, 
34, 162, 0, 
34, 172, 0, 
34, 173, 0, 
34, 174, 0, 
34, 175, 0, 
34, 176, 0, 
34, 191, 0, 
34, 193, 0, 
34, 195, 0, 
34, 197, 0, 
34, 199, 0, 
34, 203, 0, 
34, 204, 0, 
34, 205, 0, 
34, 206, 0, 
34, 207, 0, 
35, 1, 0, 
35, 4, 0, 
35, 5, 0, 
35, 6, 0, 
35, 26, 0, 
35, 28, 0, 
35, 30, 0, 
35, 43, 21, 
35, 44, 0, 
35, 45, 0, 
35, 46, 0, 
35, 114, 0, 
35, 115, 0, 
35, 116, 0, 
35, 117, 0, 
35, 122, 0, 
35, 123, 0, 
35, 124, 0, 
35, 160, 0, 
35, 161, 0, 
35, 162, 0, 
35, 173, 0, 
35, 174, 0, 
35, 175, 0, 
35, 176, 0, 
35, 193, 0, 
35, 195, 0, 
35, 197, 0, 
35, 199, 0, 
35, 204, 0, 
35, 205, 0, 
35, 206, 0, 
35, 207, 0, 
36, 1, 0, 
36, 4, 0, 
36, 5, 0, 
36, 6, 0, 
36, 28, 0, 
36, 30, 0, 
36, 44, 4, 
36, 45, 0, 
36, 46, 0, 
36, 115, 0, 
36, 116, 0, 
36, 117, 0, 
36, 123, 0, 
36, 124, 0, 
36, 161, 0, 
36, 162, 0, 
36, 174, 0, 
36, 175, 0, 
36, 176, 0, 
36, 195, 0, 
36, 197, 0, 
36, 199, 0, 
36, 205, 0, 
36, 206, 0, 
36, 207, 0, 
37, 1, 0, 
37, 4, 0, 
37, 5, 0, 
37, 6, 0, 
37, 30, 0, 
37, 45, 9, 
37, 46, 0, 
37, 116, 0, 
37, 117, 0, 
37, 124, 0, 
37, 162, 0, 
37, 175, 0, 
37, 176, 0, 
37, 197, 0, 
37, 199, 0, 
37, 206, 0, 
37, 207, 0, 
38, 1, 0, 
38, 4, 0, 
38, 5, 0, 
38, 6, 0, 
38, 46, 0, 
38, 117, 0, 
38, 176, 0, 
38, 199, 0, 
38, 207, 0, 
39, 4, 0, 
39, 5, 0, 
39, 6, 0, 
39, 9, 0, 
39, 11, 0, 
39, 12, 0, 
39, 32, 0, 
39, 33, 0, 
39, 34, 0, 
39, 35, 0, 
39, 36, 0, 
39, 37, 0, 
39, 38, 0, 
39, 47, 0, 
39, 48, 0, 
39, 49, 0, 
39, 50, 0, 
39, 51, 0, 
39, 52, 0, 
39, 53, 0, 
39, 54, 0, 
39, 102, 0, 
39, 103, 0, 
39, 104, 0, 
39, 105, 0, 
39, 106, 0, 
39, 107, 0, 
39, 108, 0, 
39, 109, 0, 
39, 110, 0, 
39, 111, 0, 
39, 112, 0, 
39, 113, 0, 
39, 114, 0, 
39, 115, 0, 
39, 116, 0, 
39, 117, 0, 
39, 148, 0, 
39, 149, 0, 
39, 150, 0, 
39, 151, 0, 
39, 152, 0, 
39, 153, 0, 
39, 154, 0, 
39, 155, 0, 
39, 163, 0, 
39, 164, 0, 
39, 165, 0, 
39, 166, 0, 
39, 167, 0, 
39, 168, 0, 
39, 169, 0, 
39, 200, 0, 
39, 201, 0, 
39, 202, 0, 
39, 203, 0, 
39, 204, 0, 
39, 205, 0, 
39, 206, 0, 
39, 207, 0, 
39, 208, 0, 
39, 209, 0, 
39, 210, 0, 
39, 211, 0, 
39, 212, 0, 
39, 213, 0, 
39, 214, 0, 
40, 4, 0, 
40, 5, 0, 
40, 6, 0, 
40, 9, 0, 
40, 11, 20, 
40, 12, 0, 
40, 33, 0, 
40, 34, 0, 
40, 35, 0, 
40, 36, 0, 
40, 37, 0, 
40, 38, 0, 
40, 48, 32, 
40, 49, 0, 
40, 50, 0, 
40, 51, 0, 
40, 52, 0, 
40, 53, 0, 
40, 54, 0, 
40, 103, 0, 
40, 104, 0, 
40, 105, 0, 
40, 106, 0, 
40, 107, 0, 
40, 108, 0, 
40, 109, 0, 
40, 111, 0, 
40, 112, 0, 
40, 113, 0, 
40, 114, 0, 
40, 115, 0, 
40, 116, 0, 
40, 117, 0, 
40, 149, 0, 
40, 150, 0, 
40, 151, 0, 
40, 152, 0, 
40, 153, 0, 
40, 154, 0, 
40, 155, 0, 
40, 164, 0, 
40, 165, 0, 
40, 166, 0, 
40, 167, 0, 
40, 168, 0, 
40, 169, 0, 
40, 201, 0, 
40, 202, 0, 
40, 203, 0, 
40, 204, 0, 
40, 205, 0, 
40, 206, 0, 
40, 207, 0, 
40, 209, 0, 
40, 210, 0, 
40, 211, 0, 
40, 212, 0, 
40, 213, 0, 
40, 214, 0, 
41, 4, 0, 
41, 5, 0, 
41, 6, 0, 
41, 9, 0, 
41, 11, 0, 
41, 12, 0, 
41, 34, 0, 
41, 35, 0, 
41, 36, 0, 
41, 37, 0, 
41, 38, 0, 
41, 49, 35, 
41, 50, 0, 
41, 51, 0, 
41, 52, 0, 
41, 53, 0, 
41, 54, 0, 
41, 104, 0, 
41, 105, 0, 
41, 106, 0, 
41, 107, 0, 
41, 108, 0, 
41, 109, 0, 
41, 112, 0, 
41, 113, 0, 
41, 114, 0, 
41, 115, 0, 
41, 116, 0, 
41, 117, 0, 
41, 150, 0, 
41, 151, 0, 
41, 152, 0, 
41, 153, 0, 
41, 154, 0, 
41, 155, 0, 
41, 165, 0, 
41, 166, 0, 
41, 167, 0, 
41, 168, 0, 
41, 169, 0, 
41, 202, 0, 
41, 203, 0, 
41, 204, 0, 
41, 205, 0, 
41, 206, 0, 
41, 207, 0, 
41, 210, 0, 
41, 211, 0, 
41, 212, 0, 
41, 213, 0, 
41, 214, 0, 
42, 4, 0, 
42, 5, 0, 
42, 6, 0, 
42, 9, 0, 
42, 11, 7, 
42, 12, 0, 
42, 35, 0, 
42, 36, 0, 
42, 37, 0, 
42, 38, 0, 
42, 50, 34, 
42, 51, 0, 
42, 52, 0, 
42, 53, 0, 
42, 54, 0, 
42, 105, 0, 
42, 106, 0, 
42, 107, 0, 
42, 108, 0, 
42, 109, 0, 
42, 113, 0, 
42, 114, 0, 
42, 115, 0, 
42, 116, 0, 
42, 117, 0, 
42, 151, 0, 
42, 152, 0, 
42, 153, 0, 
42, 154, 0, 
42, 155, 0, 
42, 166, 0, 
42, 167, 0, 
42, 168, 0, 
42, 169, 0, 
42, 203, 0, 
42, 204, 0, 
42, 205, 0, 
42, 206, 0, 
42, 207, 0, 
42, 211, 0, 
42, 212, 0, 
42, 213, 0, 
42, 214, 0, 
43, 4, 0, 
43, 5, 0, 
43, 6, 0, 
43, 9, 0, 
43, 11, 3, 
43, 12, 0, 
43, 36, 0, 
43, 37, 0, 
43, 38, 0, 
43, 51, 28, 
43, 52, 0, 
43, 53, 0, 
43, 54, 0, 
43, 106, 0, 
43, 107, 0, 
43, 108, 0, 
43, 109, 0, 
43, 114, 0, 
43, 115, 0, 
43, 116, 0, 
43, 117, 0, 
43, 152, 0, 
43, 153, 0, 
43, 154, 0, 
43, 155, 0, 
43, 167, 0, 
43, 168, 0, 
43, 169, 0, 
43, 204, 0, 
43, 205, 0, 
43, 206, 0, 
43, 207, 0, 
43, 212, 0, 
43, 213, 0, 
43, 214, 0, 
44, 4, 0, 
44, 5, 0, 
44, 6, 0, 
44, 9, 0, 
44, 11, 2, 
44, 12, 0, 
44, 37, 0, 
44, 38, 0, 
44, 52, 8, 
44, 53, 0, 
44, 54, 0, 
44, 107, 0, 
44, 108, 0, 
44, 109, 0, 
44, 115, 0, 
44, 116, 0, 
44, 117, 0, 
44, 153, 0, 
44, 154, 0, 
44, 155, 0, 
44, 168, 0, 
44, 169, 0, 
44, 205, 0, 
44, 206, 0, 
44, 207, 0, 
44, 213, 0, 
44, 214, 0, 
45, 4, 0, 
45, 5, 0, 
45, 6, 0, 
45, 9, 0, 
45, 11, 2, 
45, 12, 0, 
45, 38, 0, 
45, 53, 7, 
45, 54, 0, 
45, 108, 0, 
45, 109, 0, 
45, 116, 0, 
45, 117, 0, 
45, 154, 0, 
45, 155, 0, 
45, 169, 0, 
45, 206, 0, 
45, 207, 0, 
45, 214, 0, 
46, 4, 0, 
46, 5, 0, 
46, 6, 0, 
46, 9, 0, 
46, 11, 0, 
46, 12, 0, 
46, 54, 0, 
46, 109, 0, 
46, 117, 0, 
46, 155, 0, 
46, 207, 0, 
47, 8, 0, 
47, 11, 0, 
47, 12, 0, 
47, 40, 0, 
47, 41, 0, 
47, 42, 0, 
47, 43, 0, 
47, 44, 0, 
47, 45, 0, 
47, 46, 0, 
47, 55, 0, 
47, 56, 0, 
47, 57, 0, 
47, 58, 0, 
47, 59, 0, 
47, 60, 0, 
47, 61, 0, 
47, 62, 0, 
47, 133, 0, 
47, 135, 0, 
47, 137, 0, 
47, 139, 0, 
47, 141, 0, 
47, 143, 0, 
47, 145, 0, 
47, 147, 0, 
47, 156, 0, 
47, 157, 0, 
47, 158, 0, 
47, 159, 0, 
47, 160, 0, 
47, 161, 0, 
47, 162, 0, 
48, 8, 0, 
48, 11, 0, 
48, 12, 15, 
48, 41, 0, 
48, 42, 0, 
48, 43, 0, 
48, 44, 0, 
48, 45, 0, 
48, 46, 0, 
48, 56, 17, 
48, 57, 0, 
48, 58, 0, 
48, 59, 0, 
48, 60, 0, 
48, 61, 0, 
48, 62, 0, 
48, 135, 0, 
48, 137, 0, 
48, 139, 0, 
48, 141, 0, 
48, 143, 0, 
48, 145, 0, 
48, 147, 0, 
48, 157, 0, 
48, 158, 0, 
48, 159, 0, 
48, 160, 0, 
48, 161, 0, 
48, 162, 0, 
49, 8, 7, 
49, 11, 0, 
49, 12, 18, 
49, 42, 0, 
49, 43, 0, 
49, 44, 0, 
49, 45, 0, 
49, 46, 0, 
49, 57, 10, 
49, 58, 0, 
49, 59, 0, 
49, 60, 0, 
49, 61, 0, 
49, 62, 0, 
49, 137, 0, 
49, 139, 0, 
49, 141, 0, 
49, 143, 0, 
49, 145, 0, 
49, 147, 0, 
49, 158, 0, 
49, 159, 0, 
49, 160, 0, 
49, 161, 0, 
49, 162, 0, 
50, 8, 7, 
50, 11, 0, 
50, 12, 5, 
50, 43, 0, 
50, 44, 0, 
50, 45, 0, 
50, 46, 0, 
50, 58, 22, 
50, 59, 0, 
50, 60, 0, 
50, 61, 0, 
50, 62, 0, 
50, 139, 0, 
50, 141, 0, 
50, 143, 0, 
50, 145, 0, 
50, 147, 0, 
50, 159, 0, 
50, 160, 0, 
50, 161, 0, 
50, 162, 0, 
51, 8, 17, 
51, 11, 4, 
51, 12, 0, 
51, 44, 0, 
51, 45, 0, 
51, 46, 0, 
51, 59, 7, 
51, 60, 0, 
51, 61, 0, 
51, 62, 0, 
51, 141, 0, 
51, 143, 0, 
51, 145, 0, 
51, 147, 0, 
51, 160, 0, 
51, 161, 0, 
51, 162, 0, 
52, 8, 2, 
52, 11, 0, 
52, 12, 0, 
52, 45, 0, 
52, 46, 0, 
52, 60, 6, 
52, 61, 0, 
52, 62, 0, 
52, 143, 0, 
52, 145, 0, 
52, 147, 0, 
52, 161, 0, 
52, 162, 0, 
53, 8, 3, 
53, 11, 0, 
53, 12, 0, 
53, 46, 0, 
53, 61, 4, 
53, 62, 0, 
53, 145, 0, 
53, 147, 0, 
53, 162, 0, 
54, 8, 0, 
54, 11, 0, 
54, 12, 0, 
54, 62, 0, 
54, 147, 0, 
55, 8, 0, 
55, 11, 0, 
55, 12, 0, 
55, 14, 0, 
55, 48, 0, 
55, 49, 0, 
55, 50, 0, 
55, 51, 0, 
55, 52, 0, 
55, 53, 0, 
55, 54, 0, 
55, 63, 0, 
55, 64, 0, 
55, 65, 0, 
55, 66, 0, 
55, 67, 0, 
55, 68, 0, 
55, 69, 0, 
55, 134, 0, 
55, 136, 0, 
55, 138, 0, 
55, 140, 0, 
55, 142, 0, 
55, 144, 0, 
55, 146, 0, 
55, 148, 0, 
55, 149, 0, 
55, 150, 0, 
55, 151, 0, 
55, 152, 0, 
55, 153, 0, 
55, 154, 0, 
55, 155, 0, 
56, 8, 0, 
56, 11, 0, 
56, 12, 0, 
56, 14, 0, 
56, 49, 0, 
56, 50, 0, 
56, 51, 0, 
56, 52, 0, 
56, 53, 0, 
56, 54, 0, 
56, 64, 17, 
56, 65, 0, 
56, 66, 0, 
56, 67, 0, 
56, 68, 0, 
56, 69, 0, 
56, 136, 0, 
56, 138, 0, 
56, 140, 0, 
56, 142, 0, 
56, 144, 0, 
56, 146, 0, 
56, 149, 0, 
56, 150, 0, 
56, 151, 0, 
56, 152, 0, 
56, 153, 0, 
56, 154, 0, 
56, 155, 0, 
57, 8, 1, 
57, 11, 0, 
57, 12, 0, 
57, 14, 0, 
57, 50, 0, 
57, 51, 0, 
57, 52, 0, 
57, 53, 0, 
57, 54, 0, 
57, 65, 9, 
57, 66, 0, 
57, 67, 0, 
57, 68, 0, 
57, 69, 0, 
57, 138, 0, 
57, 140, 0, 
57, 142, 0, 
57, 144, 0, 
57, 146, 0, 
57, 150, 0, 
57, 151, 0, 
57, 152, 0, 
57, 153, 0, 
57, 154, 0, 
57, 155, 0, 
58, 8, 1, 
58, 11, 0, 
58, 12, 1, 
58, 14, 0, 
58, 51, 0, 
58, 52, 0, 
58, 53, 0, 
58, 54, 0, 
58, 66, 20, 
58, 67, 0, 
58, 68, 0, 
58, 69, 0, 
58, 140, 0, 
58, 142, 0, 
58, 144, 0, 
58, 146, 0, 
58, 151, 0, 
58, 152, 0, 
58, 153, 0, 
58, 154, 0, 
58, 155, 0, 
59, 8, 0, 
59, 11, 0, 
59, 12, 0, 
59, 14, 0, 
59, 52, 0, 
59, 53, 0, 
59, 54, 0, 
59, 67, 7, 
59, 68, 0, 
59, 69, 0, 
59, 142, 0, 
59, 144, 0, 
59, 146, 0, 
59, 152, 0, 
59, 153, 0, 
59, 154, 0, 
59, 155, 0, 
60, 8, 0, 
60, 11, 0, 
60, 12, 0, 
60, 14, 0, 
60, 53, 0, 
60, 54, 0, 
60, 68, 6, 
60, 69, 0, 
60, 144, 0, 
60, 146, 0, 
60, 153, 0, 
60, 154, 0, 
60, 155, 0, 
61, 8, 4, 
61, 11, 0, 
61, 12, 0, 
61, 14, 0, 
61, 54, 0, 
61, 69, 0, 
61, 146, 0, 
61, 154, 0, 
61, 155, 0, 
62, 8, 0, 
62, 11, 0, 
62, 12, 0, 
62, 14, 0, 
62, 155, 0, 
63, 8, 0, 
63, 11, 0, 
63, 12, 0, 
63, 14, 0, 
63, 56, 0, 
63, 57, 0, 
63, 58, 0, 
63, 59, 0, 
63, 60, 0, 
63, 61, 0, 
63, 62, 0, 
63, 135, 0, 
63, 137, 0, 
63, 139, 0, 
63, 141, 0, 
63, 143, 0, 
63, 145, 0, 
63, 147, 0, 
64, 8, 0, 
64, 11, 0, 
64, 12, 0, 
64, 14, 17, 
64, 57, 0, 
64, 58, 0, 
64, 59, 0, 
64, 60, 0, 
64, 61, 0, 
64, 62, 0, 
64, 137, 0, 
64, 139, 0, 
64, 141, 0, 
64, 143, 0, 
64, 145, 0, 
64, 147, 0, 
65, 8, 0, 
65, 11, 0, 
65, 12, 0, 
65, 14, 9, 
65, 58, 0, 
65, 59, 0, 
65, 60, 0, 
65, 61, 0, 
65, 62, 0, 
65, 139, 0, 
65, 141, 0, 
65, 143, 0, 
65, 145, 0, 
65, 147, 0, 
66, 8, 0, 
66, 11, 0, 
66, 12, 0, 
66, 14, 20, 
66, 59, 0, 
66, 60, 0, 
66, 61, 0, 
66, 62, 0, 
66, 141, 0, 
66, 143, 0, 
66, 145, 0, 
66, 147, 0, 
67, 8, 0, 
67, 11, 0, 
67, 12, 0, 
67, 14, 7, 
67, 60, 0, 
67, 61, 0, 
67, 62, 0, 
67, 143, 0, 
67, 145, 0, 
67, 147, 0, 
68, 8, 0, 
68, 11, 0, 
68, 12, 0, 
68, 14, 6, 
68, 61, 0, 
68, 62, 0, 
68, 145, 0, 
68, 147, 0, 
69, 8, 0, 
69, 11, 0, 
69, 12, 0, 
69, 14, 0, 
69, 62, 0, 
69, 147, 0, 
70, 2, 0, 
70, 10, 0, 
70, 13, 0, 
70, 71, 0, 
70, 73, 0, 
70, 75, 0, 
70, 77, 0, 
70, 79, 0, 
70, 81, 0, 
70, 83, 0, 
70, 85, 0, 
70, 229, 0, 
70, 230, 0, 
70, 231, 0, 
70, 232, 0, 
70, 233, 0, 
70, 234, 0, 
70, 235, 0, 
71, 0, 0, 
71, 2, 0, 
71, 10, 0, 
71, 13, 0, 
71, 72, 0, 
71, 74, 0, 
71, 76, 0, 
71, 78, 0, 
71, 80, 0, 
71, 82, 0, 
71, 84, 0, 
71, 86, 0, 
71, 87, 0, 
71, 88, 0, 
71, 89, 0, 
71, 90, 0, 
71, 91, 0, 
71, 92, 0, 
71, 93, 0, 
71, 222, 0, 
71, 223, 0, 
71, 224, 0, 
71, 225, 0, 
71, 226, 0, 
71, 227, 0, 
71, 228, 0, 
71, 236, 0, 
71, 237, 0, 
71, 238, 0, 
71, 239, 0, 
71, 240, 0, 
71, 241, 0, 
71, 242, 0, 
71, 243, 0, 
72, 2, 0, 
72, 10, 0, 
72, 13, 0, 
72, 73, 0, 
72, 75, 0, 
72, 77, 0, 
72, 79, 0, 
72, 81, 0, 
72, 83, 0, 
72, 85, 0, 
72, 229, 0, 
72, 230, 0, 
72, 231, 0, 
72, 232, 0, 
72, 233, 0, 
72, 234, 0, 
72, 235, 0, 
73, 0, 0, 
73, 2, 0, 
73, 10, 0, 
73, 13, 0, 
73, 74, 0, 
73, 76, 0, 
73, 78, 0, 
73, 80, 0, 
73, 82, 0, 
73, 84, 0, 
73, 87, 0, 
73, 88, 0, 
73, 89, 0, 
73, 90, 0, 
73, 91, 0, 
73, 92, 0, 
73, 93, 0, 
73, 222, 0, 
73, 223, 0, 
73, 224, 0, 
73, 225, 0, 
73, 226, 0, 
73, 227, 0, 
73, 228, 0, 
73, 236, 0, 
73, 237, 0, 
73, 238, 0, 
73, 239, 0, 
73, 240, 0, 
73, 241, 0, 
73, 242, 0, 
73, 243, 0, 
74, 2, 0, 
74, 10, 0, 
74, 13, 0, 
74, 75, 4, 
74, 77, 0, 
74, 79, 0, 
74, 81, 0, 
74, 83, 0, 
74, 85, 0, 
74, 230, 0, 
74, 231, 0, 
74, 232, 0, 
74, 233, 0, 
74, 234, 0, 
74, 235, 0, 
75, 0, 0, 
75, 2, 0, 
75, 10, 0, 
75, 13, 0, 
75, 76, 0, 
75, 78, 0, 
75, 80, 0, 
75, 82, 0, 
75, 84, 0, 
75, 88, 36, 
75, 89, 0, 
75, 90, 0, 
75, 91, 0, 
75, 92, 0, 
75, 93, 0, 
75, 223, 0, 
75, 224, 0, 
75, 225, 0, 
75, 226, 0, 
75, 227, 0, 
75, 228, 0, 
75, 237, 0, 
75, 238, 0, 
75, 239, 0, 
75, 240, 0, 
75, 241, 0, 
75, 242, 0, 
75, 243, 2, 
76, 2, 0, 
76, 10, 0, 
76, 13, 0, 
76, 77, 0, 
76, 79, 0, 
76, 81, 0, 
76, 83, 0, 
76, 85, 0, 
76, 231, 0, 
76, 232, 0, 
76, 233, 0, 
76, 234, 0, 
76, 235, 0, 
77, 0, 0, 
77, 2, 0, 
77, 10, 0, 
77, 13, 0, 
77, 78, 0, 
77, 80, 0, 
77, 82, 0, 
77, 84, 0, 
77, 89, 0, 
77, 90, 0, 
77, 91, 0, 
77, 92, 0, 
77, 93, 0, 
77, 224, 0, 
77, 225, 0, 
77, 226, 0, 
77, 227, 0, 
77, 228, 0, 
77, 238, 0, 
77, 239, 0, 
77, 240, 0, 
77, 241, 0, 
77, 242, 0, 
77, 243, 0, 
78, 2, 0, 
78, 10, 0, 
78, 13, 0, 
78, 79, 3, 
78, 81, 0, 
78, 83, 0, 
78, 85, 0, 
78, 232, 0, 
78, 233, 0, 
78, 234, 0, 
78, 235, 0, 
79, 0, 0, 
79, 2, 0, 
79, 10, 0, 
79, 13, 0, 
79, 80, 0, 
79, 82, 0, 
79, 84, 0, 
79, 90, 6, 
79, 91, 0, 
79, 92, 0, 
79, 93, 0, 
79, 225, 0, 
79, 226, 0, 
79, 227, 0, 
79, 228, 0, 
79, 239, 0, 
79, 240, 0, 
79, 241, 0, 
79, 242, 0, 
79, 243, 3, 
80, 2, 0, 
80, 10, 0, 
80, 13, 0, 
80, 81, 3, 
80, 83, 0, 
80, 85, 0, 
80, 233, 0, 
80, 234, 0, 
80, 235, 0, 
81, 0, 0, 
81, 2, 0, 
81, 10, 0, 
81, 13, 0, 
81, 82, 0, 
81, 84, 0, 
81, 91, 9, 
81, 92, 0, 
81, 93, 0, 
81, 226, 0, 
81, 227, 0, 
81, 228, 0, 
81, 240, 0, 
81, 241, 0, 
81, 242, 0, 
81, 243, 3, 
82, 2, 0, 
82, 10, 0, 
82, 13, 0, 
82, 83, 2, 
82, 85, 0, 
82, 234, 0, 
82, 235, 0, 
83, 0, 0, 
83, 2, 0, 
83, 10, 0, 
83, 13, 0, 
83, 84, 0, 
83, 92, 9, 
83, 93, 0, 
83, 227, 0, 
83, 228, 0, 
83, 241, 0, 
83, 242, 0, 
83, 243, 2, 
84, 2, 0, 
84, 10, 0, 
84, 13, 0, 
84, 85, 3, 
84, 235, 0, 
85, 0, 0, 
85, 2, 0, 
85, 10, 0, 
85, 13, 0, 
85, 93, 11, 
85, 228, 0, 
85, 242, 0, 
85, 243, 3, 
86, 0, 0, 
86, 2, 0, 
86, 3, 0, 
86, 9, 0, 
86, 10, 0, 
86, 13, 0, 
86, 73, 0, 
86, 75, 0, 
86, 77, 0, 
86, 79, 0, 
86, 81, 0, 
86, 83, 0, 
86, 85, 0, 
86, 94, 3, 
86, 95, 0, 
86, 96, 0, 
86, 97, 0, 
86, 98, 0, 
86, 99, 0, 
86, 100, 0, 
86, 101, 0, 
86, 215, 0, 
86, 216, 0, 
86, 217, 0, 
86, 218, 0, 
86, 219, 0, 
86, 220, 0, 
86, 221, 0, 
86, 229, 0, 
86, 230, 0, 
86, 231, 0, 
86, 232, 0, 
86, 233, 0, 
86, 234, 0, 
86, 235, 0, 
86, 243, 0, 
87, 0, 0, 
87, 2, 0, 
87, 3, 0, 
87, 9, 0, 
87, 10, 0, 
87, 13, 0, 
87, 75, 0, 
87, 77, 0, 
87, 79, 0, 
87, 81, 0, 
87, 83, 0, 
87, 85, 0, 
87, 95, 0, 
87, 96, 0, 
87, 97, 0, 
87, 98, 0, 
87, 99, 0, 
87, 100, 0, 
87, 101, 0, 
87, 216, 0, 
87, 217, 0, 
87, 218, 0, 
87, 219, 0, 
87, 220, 0, 
87, 221, 0, 
87, 229, 0, 
87, 230, 0, 
87, 231, 0, 
87, 232, 0, 
87, 233, 0, 
87, 234, 0, 
87, 235, 0, 
87, 243, 0, 
88, 0, 0, 
88, 2, 0, 
88, 3, 0, 
88, 9, 0, 
88, 10, 0, 
88, 13, 0, 
88, 77, 0, 
88, 79, 0, 
88, 81, 0, 
88, 83, 0, 
88, 85, 0, 
88, 96, 33, 
88, 97, 0, 
88, 98, 0, 
88, 99, 0, 
88, 100, 0, 
88, 101, 0, 
88, 217, 0, 
88, 218, 0, 
88, 219, 0, 
88, 220, 0, 
88, 221, 0, 
88, 230, 0, 
88, 231, 0, 
88, 232, 0, 
88, 233, 0, 
88, 234, 0, 
88, 235, 0, 
88, 243, 3, 
89, 0, 0, 
89, 2, 0, 
89, 3, 0, 
89, 9, 0, 
89, 10, 0, 
89, 13, 0, 
89, 79, 0, 
89, 81, 0, 
89, 83, 0, 
89, 85, 0, 
89, 97, 0, 
89, 98, 0, 
89, 99, 0, 
89, 100, 0, 
89, 101, 0, 
89, 218, 0, 
89, 219, 0, 
89, 220, 0, 
89, 221, 0, 
89, 231, 0, 
89, 232, 0, 
89, 233, 0, 
89, 234, 0, 
89, 235, 0, 
89, 243, 0, 
90, 0, 0, 
90, 2, 0, 
90, 3, 0, 
90, 9, 0, 
90, 10, 0, 
90, 13, 0, 
90, 81, 0, 
90, 83, 0, 
90, 85, 0, 
90, 98, 2, 
90, 99, 0, 
90, 100, 0, 
90, 101, 0, 
90, 219, 0, 
90, 220, 0, 
90, 221, 0, 
90, 232, 0, 
90, 233, 0, 
90, 234, 0, 
90, 235, 0, 
90, 243, 4, 
91, 0, 0, 
91, 2, 0, 
91, 3, 0, 
91, 9, 0, 
91, 10, 0, 
91, 13, 0, 
91, 83, 0, 
91, 85, 0, 
91, 99, 4, 
91, 100, 0, 
91, 101, 0, 
91, 220, 0, 
91, 221, 0, 
91, 233, 0, 
91, 234, 0, 
91, 235, 0, 
91, 243, 5, 
92, 0, 0, 
92, 2, 0, 
92, 3, 0, 
92, 9, 0, 
92, 10, 0, 
92, 13, 0, 
92, 85, 0, 
92, 100, 3, 
92, 101, 0, 
92, 221, 0, 
92, 234, 0, 
92, 235, 0, 
92, 243, 6, 
93, 0, 0, 
93, 2, 0, 
93, 3, 0, 
93, 9, 0, 
93, 10, 0, 
93, 13, 0, 
93, 101, 1, 
93, 235, 0, 
93, 243, 10, 
94, 0, 0, 
94, 3, 1, 
94, 5, 0, 
94, 9, 0, 
94, 87, 0, 
94, 88, 0, 
94, 89, 0, 
94, 90, 0, 
94, 91, 0, 
94, 92, 0, 
94, 93, 0, 
94, 102, 58, 
94, 103, 0, 
94, 104, 0, 
94, 105, 0, 
94, 106, 0, 
94, 107, 0, 
94, 108, 0, 
94, 109, 0, 
94, 110, 0, 
94, 111, 0, 
94, 112, 0, 
94, 113, 0, 
94, 114, 0, 
94, 115, 0, 
94, 116, 0, 
94, 117, 0, 
94, 200, 0, 
94, 201, 0, 
94, 202, 0, 
94, 203, 0, 
94, 204, 0, 
94, 205, 0, 
94, 206, 0, 
94, 207, 0, 
94, 208, 0, 
94, 209, 0, 
94, 210, 0, 
94, 211, 0, 
94, 212, 0, 
94, 213, 0, 
94, 214, 0, 
94, 222, 0, 
94, 223, 0, 
94, 224, 0, 
94, 225, 0, 
94, 226, 0, 
94, 227, 0, 
94, 228, 0, 
94, 243, 0, 
95, 0, 0, 
95, 3, 0, 
95, 5, 0, 
95, 9, 0, 
95, 88, 0, 
95, 89, 0, 
95, 90, 0, 
95, 91, 0, 
95, 92, 0, 
95, 93, 0, 
95, 103, 0, 
95, 104, 0, 
95, 105, 0, 
95, 106, 0, 
95, 107, 0, 
95, 108, 0, 
95, 109, 0, 
95, 111, 0, 
95, 112, 0, 
95, 113, 0, 
95, 114, 0, 
95, 115, 0, 
95, 116, 0, 
95, 117, 0, 
95, 201, 0, 
95, 202, 0, 
95, 203, 0, 
95, 204, 0, 
95, 205, 0, 
95, 206, 0, 
95, 207, 0, 
95, 209, 0, 
95, 210, 0, 
95, 211, 0, 
95, 212, 0, 
95, 213, 0, 
95, 214, 0, 
95, 223, 0, 
95, 224, 0, 
95, 225, 0, 
95, 226, 0, 
95, 227, 0, 
95, 228, 0, 
95, 243, 0, 
96, 0, 0, 
96, 3, 0, 
96, 5, 2, 
96, 9, 27, 
96, 89, 0, 
96, 90, 0, 
96, 91, 0, 
96, 92, 0, 
96, 93, 0, 
96, 104, 4, 
96, 105, 0, 
96, 106, 0, 
96, 107, 0, 
96, 108, 0, 
96, 109, 0, 
96, 112, 0, 
96, 113, 0, 
96, 114, 0, 
96, 115, 0, 
96, 116, 0, 
96, 117, 0, 
96, 202, 0, 
96, 203, 0, 
96, 204, 0, 
96, 205, 0, 
96, 206, 0, 
96, 207, 0, 
96, 210, 0, 
96, 211, 0, 
96, 212, 0, 
96, 213, 0, 
96, 214, 0, 
96, 224, 0, 
96, 225, 0, 
96, 226, 0, 
96, 227, 0, 
96, 228, 0, 
96, 243, 0, 
97, 0, 0, 
97, 3, 0, 
97, 5, 0, 
97, 9, 0, 
97, 90, 0, 
97, 91, 0, 
97, 92, 0, 
97, 93, 0, 
97, 105, 0, 
97, 106, 0, 
97, 107, 0, 
97, 108, 0, 
97, 109, 0, 
97, 113, 0, 
97, 114, 0, 
97, 115, 0, 
97, 116, 0, 
97, 117, 0, 
97, 203, 0, 
97, 204, 0, 
97, 205, 0, 
97, 206, 0, 
97, 207, 0, 
97, 211, 0, 
97, 212, 0, 
97, 213, 0, 
97, 214, 0, 
97, 225, 0, 
97, 226, 0, 
97, 227, 0, 
97, 228, 0, 
97, 243, 0, 
98, 0, 0, 
98, 3, 0, 
98, 5, 0, 
98, 9, 2, 
98, 91, 0, 
98, 92, 0, 
98, 93, 0, 
98, 106, 0, 
98, 107, 0, 
98, 108, 0, 
98, 109, 0, 
98, 114, 0, 
98, 115, 0, 
98, 116, 0, 
98, 117, 0, 
98, 204, 0, 
98, 205, 0, 
98, 206, 0, 
98, 207, 0, 
98, 212, 0, 
98, 213, 0, 
98, 214, 0, 
98, 226, 0, 
98, 227, 0, 
98, 228, 0, 
98, 243, 0, 
99, 0, 0, 
99, 3, 0, 
99, 5, 0, 
99, 9, 4, 
99, 92, 0, 
99, 93, 0, 
99, 107, 0, 
99, 108, 0, 
99, 109, 0, 
99, 115, 0, 
99, 116, 0, 
99, 117, 0, 
99, 205, 0, 
99, 206, 0, 
99, 207, 0, 
99, 213, 0, 
99, 214, 0, 
99, 227, 0, 
99, 228, 0, 
99, 243, 0, 
100, 0, 0, 
100, 3, 0, 
100, 5, 0, 
100, 9, 3, 
100, 93, 0, 
100, 108, 0, 
100, 109, 0, 
100, 116, 0, 
100, 117, 0, 
100, 206, 0, 
100, 207, 0, 
100, 214, 0, 
100, 228, 0, 
100, 243, 0, 
101, 0, 0, 
101, 3, 0, 
101, 5, 0, 
101, 9, 1, 
101, 109, 0, 
101, 117, 0, 
101, 207, 0, 
101, 243, 0, 
102, 0, 0, 
102, 3, 23, 
102, 4, 0, 
102, 5, 33, 
102, 6, 0, 
102, 7, 0, 
102, 9, 0, 
102, 40, 0, 
102, 41, 0, 
102, 42, 0, 
102, 43, 0, 
102, 44, 0, 
102, 45, 0, 
102, 46, 0, 
102, 95, 0, 
102, 96, 0, 
102, 97, 0, 
102, 98, 0, 
102, 99, 0, 
102, 100, 0, 
102, 101, 0, 
102, 110, 56, 
102, 111, 0, 
102, 112, 0, 
102, 113, 0, 
102, 114, 0, 
102, 115, 0, 
102, 116, 0, 
102, 117, 0, 
102, 156, 0, 
102, 157, 0, 
102, 158, 0, 
102, 159, 0, 
102, 160, 0, 
102, 161, 0, 
102, 162, 0, 
102, 200, 0, 
102, 201, 0, 
102, 202, 0, 
102, 203, 0, 
102, 204, 0, 
102, 205, 0, 
102, 206, 0, 
102, 207, 0, 
102, 215, 0, 
102, 216, 0, 
102, 217, 0, 
102, 218, 0, 
102, 219, 0, 
102, 220, 0, 
102, 221, 0, 
102, 243, 0, 
103, 0, 0, 
103, 3, 0, 
103, 4, 0, 
103, 5, 0, 
103, 6, 0, 
103, 7, 0, 
103, 9, 0, 
103, 41, 0, 
103, 42, 0, 
103, 43, 0, 
103, 44, 0, 
103, 45, 0, 
103, 46, 0, 
103, 96, 0, 
103, 97, 0, 
103, 98, 0, 
103, 99, 0, 
103, 100, 0, 
103, 101, 0, 
103, 111, 18, 
103, 112, 0, 
103, 113, 0, 
103, 114, 0, 
103, 115, 0, 
103, 116, 0, 
103, 117, 0, 
103, 157, 0, 
103, 158, 0, 
103, 159, 0, 
103, 160, 0, 
103, 161, 0, 
103, 162, 0, 
103, 201, 0, 
103, 202, 0, 
103, 203, 0, 
103, 204, 0, 
103, 205, 0, 
103, 206, 0, 
103, 207, 0, 
103, 216, 0, 
103, 217, 0, 
103, 218, 0, 
103, 219, 0, 
103, 220, 0, 
103, 221, 0, 
103, 243, 0, 
104, 0, 0, 
104, 3, 0, 
104, 4, 0, 
104, 5, 0, 
104, 6, 0, 
104, 7, 0, 
104, 9, 0, 
104, 42, 0, 
104, 43, 0, 
104, 44, 0, 
104, 45, 0, 
104, 46, 0, 
104, 97, 0, 
104, 98, 0, 
104, 99, 0, 
104, 100, 0, 
104, 101, 0, 
104, 112, 40, 
104, 113, 0, 
104, 114, 0, 
104, 115, 0, 
104, 116, 0, 
104, 117, 0, 
104, 158, 0, 
104, 159, 0, 
104, 160, 0, 
104, 161, 0, 
104, 162, 0, 
104, 202, 0, 
104, 203, 0, 
104, 204, 0, 
104, 205, 0, 
104, 206, 0, 
104, 207, 0, 
104, 217, 0, 
104, 218, 0, 
104, 219, 0, 
104, 220, 0, 
104, 221, 0, 
104, 243, 0, 
105, 0, 0, 
105, 3, 0, 
105, 4, 0, 
105, 5, 0, 
105, 6, 0, 
105, 7, 0, 
105, 9, 0, 
105, 43, 0, 
105, 44, 0, 
105, 45, 0, 
105, 46, 0, 
105, 98, 0, 
105, 99, 0, 
105, 100, 0, 
105, 101, 0, 
105, 113, 5, 
105, 114, 0, 
105, 115, 0, 
105, 116, 0, 
105, 117, 0, 
105, 159, 0, 
105, 160, 0, 
105, 161, 0, 
105, 162, 0, 
105, 203, 0, 
105, 204, 0, 
105, 205, 0, 
105, 206, 0, 
105, 207, 0, 
105, 218, 0, 
105, 219, 0, 
105, 220, 0, 
105, 221, 0, 
105, 243, 0, 
106, 0, 0, 
106, 3, 0, 
106, 4, 0, 
106, 5, 0, 
106, 6, 0, 
106, 7, 0, 
106, 9, 0, 
106, 44, 0, 
106, 45, 0, 
106, 46, 0, 
106, 99, 0, 
106, 100, 0, 
106, 101, 0, 
106, 114, 6, 
106, 115, 0, 
106, 116, 0, 
106, 117, 0, 
106, 160, 0, 
106, 161, 0, 
106, 162, 0, 
106, 204, 0, 
106, 205, 0, 
106, 206, 0, 
106, 207, 0, 
106, 219, 0, 
106, 220, 0, 
106, 221, 0, 
106, 243, 0, 
107, 0, 0, 
107, 3, 0, 
107, 4, 0, 
107, 5, 0, 
107, 6, 0, 
107, 7, 0, 
107, 9, 0, 
107, 45, 0, 
107, 46, 0, 
107, 100, 0, 
107, 101, 0, 
107, 115, 2, 
107, 116, 0, 
107, 117, 0, 
107, 161, 0, 
107, 162, 0, 
107, 205, 0, 
107, 206, 0, 
107, 207, 0, 
107, 220, 0, 
107, 221, 0, 
107, 243, 0, 
108, 0, 0, 
108, 3, 0, 
108, 4, 0, 
108, 5, 0, 
108, 6, 0, 
108, 7, 0, 
108, 9, 0, 
108, 46, 0, 
108, 101, 0, 
108, 116, 0, 
108, 117, 0, 
108, 162, 0, 
108, 206, 0, 
108, 207, 0, 
108, 221, 0, 
108, 243, 0, 
109, 0, 0, 
109, 3, 0, 
109, 4, 0, 
109, 5, 0, 
109, 6, 0, 
109, 7, 0, 
109, 9, 0, 
109, 117, 0, 
109, 207, 0, 
109, 243, 0, 
110, 3, 0, 
110, 4, 20, 
110, 5, 0, 
110, 6, 2, 
110, 7, 25, 
110, 9, 0, 
110, 18, 0, 
110, 20, 0, 
110, 22, 0, 
110, 24, 0, 
110, 26, 0, 
110, 28, 0, 
110, 30, 0, 
110, 32, 0, 
110, 33, 0, 
110, 34, 0, 
110, 35, 0, 
110, 36, 0, 
110, 37, 0, 
110, 38, 0, 
110, 40, 0, 
110, 41, 0, 
110, 42, 0, 
110, 43, 0, 
110, 44, 0, 
110, 45, 0, 
110, 46, 0, 
110, 95, 0, 
110, 96, 0, 
110, 97, 0, 
110, 98, 0, 
110, 99, 0, 
110, 100, 0, 
110, 101, 0, 
110, 103, 0, 
110, 104, 0, 
110, 105, 0, 
110, 106, 0, 
110, 107, 0, 
110, 108, 0, 
110, 109, 0, 
110, 118, 1, 
110, 119, 0, 
110, 120, 0, 
110, 121, 0, 
110, 122, 0, 
110, 123, 0, 
110, 124, 0, 
110, 156, 0, 
110, 157, 0, 
110, 158, 0, 
110, 159, 0, 
110, 160, 0, 
110, 161, 0, 
110, 162, 0, 
110, 163, 8, 
110, 164, 0, 
110, 165, 0, 
110, 166, 0, 
110, 167, 0, 
110, 168, 0, 
110, 169, 0, 
110, 170, 0, 
110, 171, 0, 
110, 172, 0, 
110, 173, 0, 
110, 174, 0, 
110, 175, 0, 
110, 176, 0, 
110, 187, 0, 
110, 189, 0, 
110, 191, 0, 
110, 193, 0, 
110, 195, 0, 
110, 197, 0, 
110, 199, 0, 
110, 208, 0, 
110, 209, 0, 
110, 210, 0, 
110, 211, 0, 
110, 212, 0, 
110, 213, 0, 
110, 214, 0, 
110, 215, 0, 
110, 216, 0, 
110, 217, 0, 
110, 218, 0, 
110, 219, 0, 
110, 220, 0, 
110, 221, 0, 
111, 3, 0, 
111, 4, 0, 
111, 5, 0, 
111, 6, 0, 
111, 7, 0, 
111, 9, 0, 
111, 20, 0, 
111, 22, 0, 
111, 24, 0, 
111, 26, 0, 
111, 28, 0, 
111, 30, 0, 
111, 33, 0, 
111, 34, 0, 
111, 35, 0, 
111, 36, 0, 
111, 37, 0, 
111, 38, 0, 
111, 41, 18, 
111, 42, 0, 
111, 43, 0, 
111, 44, 0, 
111, 45, 0, 
111, 46, 0, 
111, 96, 0, 
111, 97, 0, 
111, 98, 0, 
111, 99, 0, 
111, 100, 0, 
111, 101, 0, 
111, 104, 0, 
111, 105, 0, 
111, 106, 0, 
111, 107, 0, 
111, 108, 0, 
111, 109, 0, 
111, 119, 0, 
111, 120, 0, 
111, 121, 0, 
111, 122, 0, 
111, 123, 0, 
111, 124, 0, 
111, 157, 0, 
111, 158, 0, 
111, 159, 0, 
111, 160, 0, 
111, 161, 0, 
111, 162, 0, 
111, 164, 0, 
111, 165, 0, 
111, 166, 0, 
111, 167, 0, 
111, 168, 0, 
111, 169, 0, 
111, 171, 0, 
111, 172, 0, 
111, 173, 0, 
111, 174, 0, 
111, 175, 0, 
111, 176, 0, 
111, 189, 0, 
111, 191, 0, 
111, 193, 0, 
111, 195, 0, 
111, 197, 0, 
111, 199, 0, 
111, 209, 0, 
111, 210, 0, 
111, 211, 0, 
111, 212, 0, 
111, 213, 0, 
111, 214, 0, 
111, 216, 0, 
111, 217, 0, 
111, 218, 0, 
111, 219, 0, 
111, 220, 0, 
111, 221, 0, 
112, 3, 0, 
112, 4, 7, 
112, 5, 0, 
112, 6, 0, 
112, 7, 23, 
112, 9, 0, 
112, 22, 0, 
112, 24, 0, 
112, 26, 0, 
112, 28, 0, 
112, 30, 0, 
112, 34, 0, 
112, 35, 0, 
112, 36, 0, 
112, 37, 0, 
112, 38, 0, 
112, 42, 5, 
112, 43, 0, 
112, 44, 0, 
112, 45, 0, 
112, 46, 0, 
112, 97, 0, 
112, 98, 0, 
112, 99, 0, 
112, 100, 0, 
112, 101, 0, 
112, 105, 0, 
112, 106, 0, 
112, 107, 0, 
112, 108, 0, 
112, 109, 0, 
112, 120, 2, 
112, 121, 0, 
112, 122, 0, 
112, 123, 0, 
112, 124, 0, 
112, 158, 0, 
112, 159, 0, 
112, 160, 0, 
112, 161, 0, 
112, 162, 0, 
112, 165, 5, 
112, 166, 0, 
112, 167, 0, 
112, 168, 0, 
112, 169, 0, 
112, 172, 0, 
112, 173, 0, 
112, 174, 0, 
112, 175, 0, 
112, 176, 0, 
112, 191, 0, 
112, 193, 0, 
112, 195, 0, 
112, 197, 0, 
112, 199, 0, 
112, 210, 0, 
112, 211, 0, 
112, 212, 0, 
112, 213, 0, 
112, 214, 0, 
112, 217, 0, 
112, 218, 0, 
112, 219, 0, 
112, 220, 0, 
112, 221, 0, 
113, 3, 0, 
113, 4, 3, 
113, 5, 0, 
113, 6, 0, 
113, 7, 2, 
113, 9, 0, 
113, 24, 0, 
113, 26, 0, 
113, 28, 0, 
113, 30, 0, 
113, 35, 0, 
113, 36, 0, 
113, 37, 0, 
113, 38, 0, 
113, 43, 0, 
113, 44, 0, 
113, 45, 0, 
113, 46, 0, 
113, 98, 0, 
113, 99, 0, 
113, 100, 0, 
113, 101, 0, 
113, 106, 0, 
113, 107, 0, 
113, 108, 0, 
113, 109, 0, 
113, 121, 2, 
113, 122, 0, 
113, 123, 0, 
113, 124, 0, 
113, 159, 0, 
113, 160, 0, 
113, 161, 0, 
113, 162, 0, 
113, 166, 0, 
113, 167, 0, 
113, 168, 0, 
113, 169, 0, 
113, 173, 0, 
113, 174, 0, 
113, 175, 0, 
113, 176, 0, 
113, 193, 0, 
113, 195, 0, 
113, 197, 0, 
113, 199, 0, 
113, 211, 0, 
113, 212, 0, 
113, 213, 0, 
113, 214, 0, 
113, 218, 0, 
113, 219, 0, 
113, 220, 0, 
113, 221, 0, 
114, 3, 0, 
114, 4, 2, 
114, 5, 0, 
114, 6, 0, 
114, 7, 4, 
114, 9, 0, 
114, 26, 0, 
114, 28, 0, 
114, 30, 0, 
114, 36, 0, 
114, 37, 0, 
114, 38, 0, 
114, 44, 0, 
114, 45, 0, 
114, 46, 0, 
114, 99, 0, 
114, 100, 0, 
114, 101, 0, 
114, 107, 0, 
114, 108, 0, 
114, 109, 0, 
114, 122, 0, 
114, 123, 0, 
114, 124, 0, 
114, 160, 0, 
114, 161, 0, 
114, 162, 0, 
114, 167, 0, 
114, 168, 0, 
114, 169, 0, 
114, 174, 0, 
114, 175, 0, 
114, 176, 0, 
114, 195, 0, 
114, 197, 0, 
114, 199, 0, 
114, 212, 0, 
114, 213, 0, 
114, 214, 0, 
114, 219, 0, 
114, 220, 0, 
114, 221, 0, 
115, 3, 0, 
115, 4, 2, 
115, 5, 0, 
115, 6, 0, 
115, 7, 0, 
115, 9, 0, 
115, 28, 0, 
115, 30, 0, 
115, 37, 0, 
115, 38, 0, 
115, 45, 0, 
115, 46, 0, 
115, 100, 0, 
115, 101, 0, 
115, 108, 0, 
115, 109, 0, 
115, 123, 0, 
115, 124, 0, 
115, 161, 0, 
115, 162, 0, 
115, 168, 0, 
115, 169, 0, 
115, 175, 0, 
115, 176, 0, 
115, 197, 0, 
115, 199, 0, 
115, 213, 0, 
115, 214, 0, 
115, 220, 0, 
115, 221, 0, 
116, 3, 0, 
116, 4, 0, 
116, 5, 0, 
116, 6, 0, 
116, 7, 0, 
116, 9, 0, 
116, 30, 0, 
116, 38, 0, 
116, 46, 0, 
116, 101, 0, 
116, 109, 0, 
116, 124, 0, 
116, 162, 0, 
116, 169, 0, 
116, 176, 0, 
116, 199, 0, 
116, 214, 0, 
116, 221, 0, 
117, 3, 0, 
117, 4, 0, 
117, 5, 0, 
117, 6, 0, 
117, 7, 0, 
117, 9, 0, 
118, 4, 0, 
118, 5, 0, 
118, 6, 0, 
118, 7, 1, 
118, 17, 0, 
118, 18, 0, 
118, 19, 0, 
118, 20, 0, 
118, 21, 0, 
118, 22, 0, 
118, 23, 0, 
118, 24, 0, 
118, 25, 0, 
118, 26, 0, 
118, 27, 0, 
118, 28, 0, 
118, 29, 0, 
118, 30, 0, 
118, 32, 0, 
118, 33, 0, 
118, 34, 0, 
118, 35, 0, 
118, 36, 0, 
118, 37, 0, 
118, 38, 0, 
118, 111, 0, 
118, 112, 0, 
118, 113, 0, 
118, 114, 0, 
118, 115, 0, 
118, 116, 0, 
118, 117, 0, 
118, 125, 0, 
118, 126, 0, 
118, 127, 0, 
118, 128, 0, 
118, 129, 0, 
118, 130, 0, 
118, 131, 0, 
118, 163, 0, 
118, 164, 0, 
118, 165, 0, 
118, 166, 0, 
118, 167, 0, 
118, 168, 0, 
118, 169, 0, 
118, 170, 0, 
118, 171, 0, 
118, 172, 0, 
118, 173, 0, 
118, 174, 0, 
118, 175, 0, 
118, 176, 0, 
118, 177, 0, 
118, 178, 0, 
118, 179, 0, 
118, 180, 0, 
118, 181, 0, 
118, 182, 0, 
118, 183, 0, 
118, 186, 0, 
118, 188, 0, 
118, 190, 0, 
118, 192, 0, 
118, 194, 0, 
118, 196, 0, 
118, 198, 0, 
118, 201, 0, 
118, 202, 0, 
118, 203, 0, 
118, 204, 0, 
118, 205, 0, 
118, 206, 0, 
118, 207, 0, 
119, 4, 0, 
119, 5, 0, 
119, 6, 0, 
119, 7, 0, 
119, 19, 0, 
119, 20, 0, 
119, 21, 0, 
119, 22, 0, 
119, 23, 0, 
119, 24, 0, 
119, 25, 0, 
119, 26, 0, 
119, 27, 0, 
119, 28, 0, 
119, 29, 0, 
119, 30, 0, 
119, 33, 0, 
119, 34, 0, 
119, 35, 0, 
119, 36, 0, 
119, 37, 0, 
119, 38, 0, 
119, 112, 0, 
119, 113, 0, 
119, 114, 0, 
119, 115, 0, 
119, 116, 0, 
119, 117, 0, 
119, 126, 0, 
119, 127, 0, 
119, 128, 0, 
119, 129, 0, 
119, 130, 0, 
119, 131, 0, 
119, 164, 0, 
119, 165, 0, 
119, 166, 0, 
119, 167, 0, 
119, 168, 0, 
119, 169, 0, 
119, 171, 0, 
119, 172, 0, 
119, 173, 0, 
119, 174, 0, 
119, 175, 0, 
119, 176, 0, 
119, 178, 0, 
119, 179, 0, 
119, 180, 0, 
119, 181, 0, 
119, 182, 0, 
119, 183, 0, 
119, 188, 0, 
119, 190, 0, 
119, 192, 0, 
119, 194, 0, 
119, 196, 0, 
119, 198, 0, 
119, 202, 0, 
119, 203, 0, 
119, 204, 0, 
119, 205, 0, 
119, 206, 0, 
119, 207, 0, 
120, 4, 0, 
120, 5, 0, 
120, 6, 0, 
120, 7, 2, 
120, 21, 0, 
120, 22, 0, 
120, 23, 0, 
120, 24, 0, 
120, 25, 0, 
120, 26, 0, 
120, 27, 0, 
120, 28, 0, 
120, 29, 0, 
120, 30, 0, 
120, 34, 0, 
120, 35, 0, 
120, 36, 0, 
120, 37, 0, 
120, 38, 0, 
120, 113, 0, 
120, 114, 0, 
120, 115, 0, 
120, 116, 0, 
120, 117, 0, 
120, 127, 0, 
120, 128, 0, 
120, 129, 0, 
120, 130, 0, 
120, 131, 0, 
120, 165, 0, 
120, 166, 0, 
120, 167, 0, 
120, 168, 0, 
120, 169, 0, 
120, 172, 0, 
120, 173, 0, 
120, 174, 0, 
120, 175, 0, 
120, 176, 0, 
120, 179, 0, 
120, 180, 0, 
120, 181, 0, 
120, 182, 0, 
120, 183, 0, 
120, 190, 0, 
120, 192, 0, 
120, 194, 0, 
120, 196, 0, 
120, 198, 0, 
120, 203, 0, 
120, 204, 0, 
120, 205, 0, 
120, 206, 0, 
120, 207, 0, 
121, 4, 0, 
121, 5, 0, 
121, 6, 0, 
121, 7, 2, 
121, 23, 0, 
121, 24, 0, 
121, 25, 0, 
121, 26, 0, 
121, 27, 0, 
121, 28, 0, 
121, 29, 0, 
121, 30, 0, 
121, 35, 0, 
121, 36, 0, 
121, 37, 0, 
121, 38, 0, 
121, 114, 0, 
121, 115, 0, 
121, 116, 0, 
121, 117, 0, 
121, 128, 0, 
121, 129, 0, 
121, 130, 0, 
121, 131, 0, 
121, 166, 0, 
121, 167, 0, 
121, 168, 0, 
121, 169, 0, 
121, 173, 0, 
121, 174, 0, 
121, 175, 0, 
121, 176, 0, 
121, 180, 0, 
121, 181, 0, 
121, 182, 0, 
121, 183, 0, 
121, 192, 0, 
121, 194, 0, 
121, 196, 0, 
121, 198, 0, 
121, 204, 0, 
121, 205, 0, 
121, 206, 0, 
121, 207, 0, 
122, 4, 0, 
122, 5, 0, 
122, 6, 0, 
122, 7, 0, 
122, 25, 0, 
122, 26, 0, 
122, 27, 0, 
122, 28, 0, 
122, 29, 0, 
122, 30, 0, 
122, 36, 0, 
122, 37, 0, 
122, 38, 0, 
122, 115, 0, 
122, 116, 0, 
122, 117, 0, 
122, 129, 0, 
122, 130, 0, 
122, 131, 0, 
122, 167, 0, 
122, 168, 0, 
122, 169, 0, 
122, 174, 0, 
122, 175, 0, 
122, 176, 0, 
122, 181, 0, 
122, 182, 0, 
122, 183, 0, 
122, 194, 0, 
122, 196, 0, 
122, 198, 0, 
122, 205, 0, 
122, 206, 0, 
122, 207, 0, 
123, 4, 0, 
123, 5, 0, 
123, 6, 0, 
123, 7, 0, 
123, 27, 0, 
123, 28, 0, 
123, 29, 0, 
123, 30, 0, 
123, 37, 0, 
123, 38, 0, 
123, 116, 0, 
123, 117, 0, 
123, 130, 0, 
123, 131, 0, 
123, 168, 0, 
123, 169, 0, 
123, 175, 0, 
123, 176, 0, 
123, 182, 0, 
123, 183, 0, 
123, 196, 0, 
123, 198, 0, 
123, 206, 0, 
123, 207, 0, 
124, 4, 0, 
124, 5, 0, 
124, 6, 0, 
124, 7, 0, 
124, 29, 0, 
124, 30, 0, 
124, 38, 0, 
124, 117, 0, 
124, 131, 0, 
124, 169, 0, 
124, 176, 0, 
124, 183, 0, 
124, 198, 0, 
124, 207, 0, 
125, 6, 0, 
125, 7, 0, 
125, 119, 0, 
125, 120, 0, 
125, 121, 0, 
125, 122, 0, 
125, 123, 0, 
125, 124, 0, 
125, 187, 0, 
125, 189, 0, 
125, 191, 0, 
125, 193, 0, 
125, 195, 0, 
125, 197, 0, 
125, 199, 0, 
126, 6, 0, 
126, 7, 0, 
126, 120, 0, 
126, 121, 0, 
126, 122, 0, 
126, 123, 0, 
126, 124, 0, 
126, 189, 0, 
126, 191, 0, 
126, 193, 0, 
126, 195, 0, 
126, 197, 0, 
126, 199, 0, 
127, 6, 0, 
127, 7, 0, 
127, 121, 0, 
127, 122, 0, 
127, 123, 0, 
127, 124, 0, 
127, 191, 0, 
127, 193, 0, 
127, 195, 0, 
127, 197, 0, 
127, 199, 0, 
128, 6, 0, 
128, 7, 0, 
128, 122, 0, 
128, 123, 0, 
128, 124, 0, 
128, 193, 0, 
128, 195, 0, 
128, 197, 0, 
128, 199, 0, 
129, 6, 0, 
129, 7, 0, 
129, 123, 0, 
129, 124, 0, 
129, 195, 0, 
129, 197, 0, 
129, 199, 0, 
130, 6, 0, 
130, 7, 0, 
130, 124, 0, 
130, 197, 0, 
130, 199, 0, 
131, 6, 0, 
131, 7, 0, 
131, 199, 0, 
132, 8, 0, 
132, 11, 0, 
132, 12, 0, 
132, 14, 0, 
132, 55, 0, 
132, 56, 0, 
132, 57, 0, 
132, 58, 0, 
132, 59, 0, 
132, 60, 0, 
132, 61, 0, 
132, 62, 0, 
132, 133, 0, 
132, 135, 0, 
132, 137, 0, 
132, 139, 0, 
132, 141, 0, 
132, 143, 0, 
132, 145, 0, 
132, 147, 0, 
133, 8, 0, 
133, 11, 0, 
133, 12, 0, 
133, 14, 0, 
133, 47, 0, 
133, 48, 0, 
133, 49, 0, 
133, 50, 0, 
133, 51, 0, 
133, 52, 0, 
133, 53, 0, 
133, 54, 0, 
133, 63, 0, 
133, 64, 0, 
133, 65, 0, 
133, 66, 0, 
133, 67, 0, 
133, 68, 0, 
133, 69, 0, 
133, 134, 0, 
133, 136, 0, 
133, 138, 0, 
133, 140, 0, 
133, 142, 0, 
133, 144, 0, 
133, 146, 0, 
133, 148, 0, 
133, 149, 0, 
133, 150, 0, 
133, 151, 0, 
133, 152, 0, 
133, 153, 0, 
133, 154, 0, 
133, 155, 0, 
134, 8, 0, 
134, 11, 0, 
134, 12, 0, 
134, 14, 0, 
134, 56, 0, 
134, 57, 0, 
134, 58, 0, 
134, 59, 0, 
134, 60, 0, 
134, 61, 0, 
134, 62, 0, 
134, 135, 0, 
134, 137, 0, 
134, 139, 0, 
134, 141, 0, 
134, 143, 0, 
134, 145, 0, 
134, 147, 0, 
135, 8, 0, 
135, 11, 0, 
135, 12, 0, 
135, 14, 0, 
135, 48, 0, 
135, 49, 0, 
135, 50, 0, 
135, 51, 0, 
135, 52, 0, 
135, 53, 0, 
135, 54, 0, 
135, 64, 0, 
135, 65, 0, 
135, 66, 0, 
135, 67, 0, 
135, 68, 0, 
135, 69, 0, 
135, 136, 0, 
135, 138, 0, 
135, 140, 0, 
135, 142, 0, 
135, 144, 0, 
135, 146, 0, 
135, 149, 0, 
135, 150, 0, 
135, 151, 0, 
135, 152, 0, 
135, 153, 0, 
135, 154, 0, 
135, 155, 0, 
136, 8, 0, 
136, 11, 0, 
136, 12, 0, 
136, 14, 0, 
136, 57, 0, 
136, 58, 0, 
136, 59, 0, 
136, 60, 0, 
136, 61, 0, 
136, 62, 0, 
136, 137, 17, 
136, 139, 0, 
136, 141, 0, 
136, 143, 0, 
136, 145, 0, 
136, 147, 0, 
137, 8, 0, 
137, 11, 0, 
137, 12, 0, 
137, 14, 0, 
137, 49, 0, 
137, 50, 0, 
137, 51, 0, 
137, 52, 0, 
137, 53, 0, 
137, 54, 0, 
137, 65, 0, 
137, 66, 0, 
137, 67, 0, 
137, 68, 0, 
137, 69, 0, 
137, 138, 0, 
137, 140, 0, 
137, 142, 0, 
137, 144, 0, 
137, 146, 0, 
137, 150, 24, 
137, 151, 0, 
137, 152, 0, 
137, 153, 0, 
137, 154, 0, 
137, 155, 0, 
138, 8, 0, 
138, 11, 0, 
138, 12, 0, 
138, 14, 0, 
138, 58, 0, 
138, 59, 0, 
138, 60, 0, 
138, 61, 0, 
138, 62, 0, 
138, 139, 9, 
138, 141, 0, 
138, 143, 0, 
138, 145, 0, 
138, 147, 0, 
139, 8, 0, 
139, 11, 0, 
139, 12, 0, 
139, 14, 0, 
139, 50, 0, 
139, 51, 0, 
139, 52, 0, 
139, 53, 0, 
139, 54, 0, 
139, 66, 0, 
139, 67, 0, 
139, 68, 0, 
139, 69, 0, 
139, 140, 0, 
139, 142, 0, 
139, 144, 0, 
139, 146, 0, 
139, 151, 17, 
139, 152, 0, 
139, 153, 0, 
139, 154, 0, 
139, 155, 0, 
140, 8, 0, 
140, 11, 0, 
140, 12, 0, 
140, 14, 0, 
140, 59, 0, 
140, 60, 0, 
140, 61, 0, 
140, 62, 0, 
140, 141, 20, 
140, 143, 0, 
140, 145, 0, 
140, 147, 0, 
141, 8, 0, 
141, 11, 0, 
141, 12, 0, 
141, 14, 0, 
141, 51, 0, 
141, 52, 0, 
141, 53, 0, 
141, 54, 0, 
141, 67, 0, 
141, 68, 0, 
141, 69, 0, 
141, 142, 0, 
141, 144, 0, 
141, 146, 0, 
141, 152, 38, 
141, 153, 0, 
141, 154, 0, 
141, 155, 0, 
142, 8, 0, 
142, 11, 0, 
142, 12, 0, 
142, 14, 0, 
142, 60, 0, 
142, 61, 0, 
142, 62, 0, 
142, 143, 7, 
142, 145, 0, 
142, 147, 0, 
143, 8, 0, 
143, 11, 0, 
143, 12, 0, 
143, 14, 0, 
143, 52, 0, 
143, 53, 0, 
143, 54, 0, 
143, 68, 0, 
143, 69, 0, 
143, 144, 0, 
143, 146, 0, 
143, 153, 9, 
143, 154, 0, 
143, 155, 0, 
144, 8, 0, 
144, 11, 0, 
144, 12, 0, 
144, 14, 0, 
144, 61, 0, 
144, 62, 0, 
144, 145, 6, 
144, 147, 0, 
145, 8, 0, 
145, 11, 0, 
145, 12, 0, 
145, 14, 0, 
145, 53, 0, 
145, 54, 0, 
145, 69, 0, 
145, 146, 0, 
145, 154, 9, 
145, 155, 0, 
146, 8, 0, 
146, 11, 0, 
146, 12, 0, 
146, 14, 0, 
146, 62, 0, 
146, 147, 0, 
147, 8, 0, 
147, 11, 0, 
147, 12, 0, 
147, 14, 0, 
147, 54, 0, 
147, 155, 0, 
148, 8, 0, 
148, 11, 0, 
148, 12, 0, 
148, 40, 0, 
148, 41, 0, 
148, 42, 0, 
148, 43, 0, 
148, 44, 0, 
148, 45, 0, 
148, 46, 0, 
148, 55, 0, 
148, 56, 0, 
148, 57, 0, 
148, 58, 0, 
148, 59, 0, 
148, 60, 0, 
148, 61, 0, 
148, 62, 0, 
148, 135, 0, 
148, 137, 0, 
148, 139, 0, 
148, 141, 0, 
148, 143, 0, 
148, 145, 0, 
148, 147, 0, 
148, 156, 0, 
148, 157, 0, 
148, 158, 0, 
148, 159, 0, 
148, 160, 0, 
148, 161, 0, 
148, 162, 0, 
149, 8, 0, 
149, 11, 0, 
149, 12, 0, 
149, 41, 0, 
149, 42, 0, 
149, 43, 0, 
149, 44, 0, 
149, 45, 0, 
149, 46, 0, 
149, 56, 0, 
149, 57, 0, 
149, 58, 0, 
149, 59, 0, 
149, 60, 0, 
149, 61, 0, 
149, 62, 0, 
149, 137, 0, 
149, 139, 0, 
149, 141, 0, 
149, 143, 0, 
149, 145, 0, 
149, 147, 0, 
149, 157, 35, 
149, 158, 0, 
149, 159, 0, 
149, 160, 0, 
149, 161, 0, 
149, 162, 0, 
150, 8, 0, 
150, 11, 0, 
150, 12, 0, 
150, 42, 0, 
150, 43, 0, 
150, 44, 0, 
150, 45, 0, 
150, 46, 0, 
150, 57, 0, 
150, 58, 0, 
150, 59, 0, 
150, 60, 0, 
150, 61, 0, 
150, 62, 0, 
150, 139, 0, 
150, 141, 0, 
150, 143, 0, 
150, 145, 0, 
150, 147, 0, 
150, 158, 42, 
150, 159, 0, 
150, 160, 0, 
150, 161, 0, 
150, 162, 0, 
151, 8, 0, 
151, 11, 0, 
151, 12, 0, 
151, 43, 0, 
151, 44, 0, 
151, 45, 0, 
151, 46, 0, 
151, 58, 0, 
151, 59, 0, 
151, 60, 0, 
151, 61, 0, 
151, 62, 0, 
151, 141, 0, 
151, 143, 0, 
151, 145, 0, 
151, 147, 0, 
151, 159, 30, 
151, 160, 0, 
151, 161, 0, 
151, 162, 0, 
152, 8, 0, 
152, 11, 0, 
152, 12, 0, 
152, 44, 0, 
152, 45, 0, 
152, 46, 0, 
152, 59, 0, 
152, 60, 0, 
152, 61, 0, 
152, 62, 0, 
152, 143, 0, 
152, 145, 0, 
152, 147, 0, 
152, 160, 42, 
152, 161, 0, 
152, 162, 0, 
153, 8, 0, 
153, 11, 0, 
153, 12, 0, 
153, 45, 0, 
153, 46, 0, 
153, 60, 0, 
153, 61, 0, 
153, 62, 0, 
153, 145, 0, 
153, 147, 0, 
153, 161, 11, 
153, 162, 0, 
154, 8, 0, 
154, 11, 0, 
154, 12, 0, 
154, 46, 0, 
154, 61, 0, 
154, 62, 0, 
154, 147, 0, 
154, 162, 15, 
155, 8, 0, 
155, 11, 0, 
155, 12, 0, 
155, 62, 0, 
156, 4, 0, 
156, 5, 0, 
156, 6, 0, 
156, 9, 0, 
156, 11, 0, 
156, 12, 0, 
156, 32, 0, 
156, 33, 0, 
156, 34, 0, 
156, 35, 0, 
156, 36, 0, 
156, 37, 0, 
156, 38, 0, 
156, 48, 0, 
156, 49, 0, 
156, 50, 0, 
156, 51, 0, 
156, 52, 0, 
156, 53, 0, 
156, 54, 0, 
156, 103, 0, 
156, 104, 0, 
156, 105, 0, 
156, 106, 0, 
156, 107, 0, 
156, 108, 0, 
156, 109, 0, 
156, 111, 0, 
156, 112, 0, 
156, 113, 0, 
156, 114, 0, 
156, 115, 0, 
156, 116, 0, 
156, 117, 0, 
156, 149, 0, 
156, 150, 0, 
156, 151, 0, 
156, 152, 0, 
156, 153, 0, 
156, 154, 0, 
156, 155, 0, 
156, 163, 0, 
156, 164, 0, 
156, 165, 0, 
156, 166, 0, 
156, 167, 0, 
156, 168, 0, 
156, 169, 0, 
156, 201, 0, 
156, 202, 0, 
156, 203, 0, 
156, 204, 0, 
156, 205, 0, 
156, 206, 0, 
156, 207, 0, 
156, 208, 0, 
156, 209, 0, 
156, 210, 0, 
156, 211, 0, 
156, 212, 0, 
156, 213, 0, 
156, 214, 0, 
157, 4, 0, 
157, 5, 0, 
157, 6, 0, 
157, 9, 0, 
157, 11, 0, 
157, 12, 0, 
157, 33, 0, 
157, 34, 0, 
157, 35, 0, 
157, 36, 0, 
157, 37, 0, 
157, 38, 0, 
157, 49, 0, 
157, 50, 0, 
157, 51, 0, 
157, 52, 0, 
157, 53, 0, 
157, 54, 0, 
157, 104, 14, 
157, 105, 0, 
157, 106, 0, 
157, 107, 0, 
157, 108, 0, 
157, 109, 0, 
157, 112, 2, 
157, 113, 0, 
157, 114, 0, 
157, 115, 0, 
157, 116, 0, 
157, 117, 0, 
157, 150, 0, 
157, 151, 0, 
157, 152, 0, 
157, 153, 0, 
157, 154, 0, 
157, 155, 0, 
157, 164, 11, 
157, 165, 0, 
157, 166, 0, 
157, 167, 0, 
157, 168, 0, 
157, 169, 0, 
157, 202, 4, 
157, 203, 0, 
157, 204, 0, 
157, 205, 0, 
157, 206, 0, 
157, 207, 0, 
157, 209, 4, 
157, 210, 0, 
157, 211, 0, 
157, 212, 0, 
157, 213, 0, 
157, 214, 0, 
158, 4, 0, 
158, 5, 0, 
158, 6, 0, 
158, 9, 0, 
158, 11, 0, 
158, 12, 0, 
158, 34, 0, 
158, 35, 0, 
158, 36, 0, 
158, 37, 0, 
158, 38, 0, 
158, 50, 0, 
158, 51, 0, 
158, 52, 0, 
158, 53, 0, 
158, 54, 0, 
158, 105, 5, 
158, 106, 0, 
158, 107, 0, 
158, 108, 0, 
158, 109, 0, 
158, 113, 2, 
158, 114, 0, 
158, 115, 0, 
158, 116, 0, 
158, 117, 0, 
158, 151, 0, 
158, 152, 0, 
158, 153, 0, 
158, 154, 0, 
158, 155, 0, 
158, 165, 18, 
158, 166, 0, 
158, 167, 0, 
158, 168, 0, 
158, 169, 0, 
158, 203, 9, 
158, 204, 0, 
158, 205, 0, 
158, 206, 0, 
158, 207, 0, 
158, 210, 8, 
158, 211, 0, 
158, 212, 0, 
158, 213, 0, 
158, 214, 0, 
159, 4, 0, 
159, 5, 0, 
159, 6, 0, 
159, 9, 0, 
159, 11, 0, 
159, 12, 0, 
159, 35, 0, 
159, 36, 0, 
159, 37, 0, 
159, 38, 0, 
159, 51, 0, 
159, 52, 0, 
159, 53, 0, 
159, 54, 0, 
159, 106, 6, 
159, 107, 0, 
159, 108, 0, 
159, 109, 0, 
159, 114, 0, 
159, 115, 0, 
159, 116, 0, 
159, 117, 0, 
159, 152, 0, 
159, 153, 0, 
159, 154, 0, 
159, 155, 0, 
159, 166, 8, 
159, 167, 0, 
159, 168, 0, 
159, 169, 0, 
159, 204, 6, 
159, 205, 0, 
159, 206, 0, 
159, 207, 0, 
159, 211, 10, 
159, 212, 0, 
159, 213, 0, 
159, 214, 0, 
160, 4, 0, 
160, 5, 0, 
160, 6, 0, 
160, 9, 0, 
160, 11, 0, 
160, 12, 0, 
160, 36, 0, 
160, 37, 0, 
160, 38, 0, 
160, 52, 0, 
160, 53, 0, 
160, 54, 0, 
160, 107, 2, 
160, 108, 0, 
160, 109, 0, 
160, 115, 0, 
160, 116, 0, 
160, 117, 0, 
160, 153, 0, 
160, 154, 0, 
160, 155, 0, 
160, 167, 15, 
160, 168, 0, 
160, 169, 0, 
160, 205, 7, 
160, 206, 0, 
160, 207, 0, 
160, 212, 21, 
160, 213, 0, 
160, 214, 0, 
161, 4, 0, 
161, 5, 0, 
161, 6, 0, 
161, 9, 0, 
161, 11, 0, 
161, 12, 0, 
161, 37, 0, 
161, 38, 0, 
161, 53, 0, 
161, 54, 0, 
161, 108, 0, 
161, 109, 0, 
161, 116, 0, 
161, 117, 0, 
161, 154, 0, 
161, 155, 0, 
161, 168, 0, 
161, 169, 0, 
161, 206, 0, 
161, 207, 0, 
161, 213, 11, 
161, 214, 0, 
162, 4, 0, 
162, 5, 0, 
162, 6, 0, 
162, 9, 0, 
162, 11, 0, 
162, 12, 0, 
162, 38, 0, 
162, 54, 0, 
162, 109, 0, 
162, 117, 0, 
162, 155, 0, 
162, 169, 0, 
162, 207, 0, 
162, 214, 15, 
163, 1, 0, 
163, 4, 0, 
163, 5, 0, 
163, 6, 0, 
163, 18, 0, 
163, 20, 0, 
163, 22, 0, 
163, 24, 0, 
163, 26, 0, 
163, 28, 0, 
163, 30, 0, 
163, 40, 0, 
163, 41, 0, 
163, 42, 0, 
163, 43, 0, 
163, 44, 0, 
163, 45, 0, 
163, 46, 0, 
163, 111, 0, 
163, 112, 0, 
163, 113, 0, 
163, 114, 0, 
163, 115, 0, 
163, 116, 0, 
163, 117, 0, 
163, 119, 0, 
163, 120, 0, 
163, 121, 0, 
163, 122, 0, 
163, 123, 0, 
163, 124, 0, 
163, 157, 0, 
163, 158, 0, 
163, 159, 0, 
163, 160, 0, 
163, 161, 0, 
163, 162, 0, 
163, 170, 8, 
163, 171, 0, 
163, 172, 0, 
163, 173, 0, 
163, 174, 0, 
163, 175, 0, 
163, 176, 0, 
163, 187, 0, 
163, 189, 0, 
163, 191, 0, 
163, 193, 0, 
163, 195, 0, 
163, 197, 0, 
163, 199, 0, 
163, 201, 0, 
163, 202, 0, 
163, 203, 0, 
163, 204, 0, 
163, 205, 0, 
163, 206, 0, 
163, 207, 0, 
164, 1, 7, 
164, 4, 0, 
164, 5, 0, 
164, 6, 3, 
164, 20, 0, 
164, 22, 0, 
164, 24, 0, 
164, 26, 0, 
164, 28, 0, 
164, 30, 0, 
164, 41, 0, 
164, 42, 0, 
164, 43, 0, 
164, 44, 0, 
164, 45, 0, 
164, 46, 0, 
164, 112, 0, 
164, 113, 0, 
164, 114, 0, 
164, 115, 0, 
164, 116, 0, 
164, 117, 0, 
164, 120, 0, 
164, 121, 0, 
164, 122, 0, 
164, 123, 0, 
164, 124, 0, 
164, 158, 0, 
164, 159, 0, 
164, 160, 0, 
164, 161, 0, 
164, 162, 0, 
164, 171, 1, 
164, 172, 0, 
164, 173, 0, 
164, 174, 0, 
164, 175, 0, 
164, 176, 0, 
164, 189, 0, 
164, 191, 0, 
164, 193, 0, 
164, 195, 0, 
164, 197, 0, 
164, 199, 0, 
164, 202, 0, 
164, 203, 0, 
164, 204, 0, 
164, 205, 0, 
164, 206, 0, 
164, 207, 0, 
165, 1, 12, 
165, 4, 3, 
165, 5, 0, 
165, 6, 3, 
165, 22, 0, 
165, 24, 0, 
165, 26, 0, 
165, 28, 0, 
165, 30, 0, 
165, 42, 0, 
165, 43, 0, 
165, 44, 0, 
165, 45, 0, 
165, 46, 0, 
165, 113, 0, 
165, 114, 0, 
165, 115, 0, 
165, 116, 0, 
165, 117, 0, 
165, 121, 0, 
165, 122, 0, 
165, 123, 0, 
165, 124, 0, 
165, 159, 0, 
165, 160, 0, 
165, 161, 0, 
165, 162, 0, 
165, 172, 5, 
165, 173, 0, 
165, 174, 0, 
165, 175, 0, 
165, 176, 0, 
165, 191, 0, 
165, 193, 0, 
165, 195, 0, 
165, 197, 0, 
165, 199, 0, 
165, 203, 0, 
165, 204, 0, 
165, 205, 0, 
165, 206, 0, 
165, 207, 0, 
166, 1, 2, 
166, 4, 1, 
166, 5, 0, 
166, 6, 4, 
166, 24, 0, 
166, 26, 0, 
166, 28, 0, 
166, 30, 0, 
166, 43, 0, 
166, 44, 0, 
166, 45, 0, 
166, 46, 0, 
166, 114, 0, 
166, 115, 0, 
166, 116, 0, 
166, 117, 0, 
166, 122, 0, 
166, 123, 0, 
166, 124, 0, 
166, 160, 0, 
166, 161, 0, 
166, 162, 0, 
166, 173, 0, 
166, 174, 0, 
166, 175, 0, 
166, 176, 0, 
166, 193, 0, 
166, 195, 0, 
166, 197, 0, 
166, 199, 0, 
166, 204, 1, 
166, 205, 0, 
166, 206, 0, 
166, 207, 0, 
167, 1, 7, 
167, 4, 0, 
167, 5, 0, 
167, 6, 7, 
167, 26, 0, 
167, 28, 0, 
167, 30, 0, 
167, 44, 0, 
167, 45, 0, 
167, 46, 0, 
167, 115, 0, 
167, 116, 0, 
167, 117, 0, 
167, 123, 0, 
167, 124, 0, 
167, 161, 0, 
167, 162, 0, 
167, 174, 0, 
167, 175, 0, 
167, 176, 0, 
167, 195, 0, 
167, 197, 0, 
167, 199, 0, 
167, 205, 1, 
167, 206, 0, 
167, 207, 0, 
168, 1, 0, 
168, 4, 0, 
168, 5, 0, 
168, 6, 0, 
168, 28, 0, 
168, 30, 0, 
168, 45, 0, 
168, 46, 0, 
168, 116, 0, 
168, 117, 0, 
168, 124, 0, 
168, 162, 0, 
168, 175, 0, 
168, 176, 0, 
168, 197, 0, 
168, 199, 0, 
168, 206, 0, 
168, 207, 0, 
169, 1, 0, 
169, 4, 0, 
169, 5, 0, 
169, 6, 0, 
169, 30, 0, 
169, 46, 0, 
169, 117, 0, 
169, 176, 0, 
169, 199, 0, 
169, 207, 0, 
170, 1, 8, 
170, 4, 0, 
170, 6, 0, 
170, 19, 0, 
170, 21, 0, 
170, 23, 0, 
170, 25, 0, 
170, 27, 0, 
170, 29, 0, 
170, 32, 0, 
170, 33, 0, 
170, 34, 0, 
170, 35, 0, 
170, 36, 0, 
170, 37, 0, 
170, 38, 0, 
170, 111, 0, 
170, 112, 0, 
170, 113, 0, 
170, 114, 0, 
170, 115, 0, 
170, 116, 0, 
170, 117, 0, 
170, 119, 0, 
170, 120, 0, 
170, 121, 0, 
170, 122, 0, 
170, 123, 0, 
170, 124, 0, 
170, 164, 0, 
170, 165, 0, 
170, 166, 0, 
170, 167, 0, 
170, 168, 0, 
170, 169, 0, 
170, 177, 0, 
170, 178, 0, 
170, 179, 0, 
170, 180, 0, 
170, 181, 0, 
170, 182, 0, 
170, 183, 0, 
170, 187, 0, 
170, 189, 0, 
170, 191, 0, 
170, 193, 0, 
170, 195, 0, 
170, 197, 0, 
170, 199, 0, 
170, 201, 0, 
170, 202, 0, 
170, 203, 0, 
170, 204, 0, 
170, 205, 0, 
170, 206, 0, 
170, 207, 0, 
171, 1, 1, 
171, 4, 0, 
171, 6, 0, 
171, 21, 0, 
171, 23, 0, 
171, 25, 0, 
171, 27, 0, 
171, 29, 0, 
171, 33, 0, 
171, 34, 0, 
171, 35, 0, 
171, 36, 0, 
171, 37, 0, 
171, 38, 0, 
171, 112, 0, 
171, 113, 0, 
171, 114, 0, 
171, 115, 0, 
171, 116, 0, 
171, 117, 0, 
171, 120, 0, 
171, 121, 0, 
171, 122, 0, 
171, 123, 0, 
171, 124, 0, 
171, 165, 0, 
171, 166, 0, 
171, 167, 0, 
171, 168, 0, 
171, 169, 0, 
171, 178, 0, 
171, 179, 0, 
171, 180, 0, 
171, 181, 0, 
171, 182, 0, 
171, 183, 0, 
171, 189, 0, 
171, 191, 0, 
171, 193, 0, 
171, 195, 0, 
171, 197, 0, 
171, 199, 0, 
171, 202, 0, 
171, 203, 0, 
171, 204, 0, 
171, 205, 0, 
171, 206, 0, 
171, 207, 0, 
172, 1, 5, 
172, 4, 0, 
172, 6, 0, 
172, 23, 0, 
172, 25, 0, 
172, 27, 0, 
172, 29, 0, 
172, 34, 0, 
172, 35, 0, 
172, 36, 0, 
172, 37, 0, 
172, 38, 0, 
172, 113, 0, 
172, 114, 0, 
172, 115, 0, 
172, 116, 0, 
172, 117, 0, 
172, 121, 0, 
172, 122, 0, 
172, 123, 0, 
172, 124, 0, 
172, 166, 0, 
172, 167, 0, 
172, 168, 0, 
172, 169, 0, 
172, 179, 0, 
172, 180, 0, 
172, 181, 0, 
172, 182, 0, 
172, 183, 0, 
172, 191, 0, 
172, 193, 0, 
172, 195, 0, 
172, 197, 0, 
172, 199, 0, 
172, 203, 0, 
172, 204, 0, 
172, 205, 0, 
172, 206, 0, 
172, 207, 0, 
173, 1, 0, 
173, 4, 0, 
173, 6, 0, 
173, 25, 0, 
173, 27, 0, 
173, 29, 0, 
173, 35, 0, 
173, 36, 0, 
173, 37, 0, 
173, 38, 0, 
173, 114, 0, 
173, 115, 0, 
173, 116, 0, 
173, 117, 0, 
173, 122, 0, 
173, 123, 0, 
173, 124, 0, 
173, 167, 0, 
173, 168, 0, 
173, 169, 0, 
173, 180, 0, 
173, 181, 0, 
173, 182, 0, 
173, 183, 0, 
173, 193, 0, 
173, 195, 0, 
173, 197, 0, 
173, 199, 0, 
173, 204, 0, 
173, 205, 0, 
173, 206, 0, 
173, 207, 0, 
174, 1, 0, 
174, 4, 0, 
174, 6, 0, 
174, 27, 0, 
174, 29, 0, 
174, 36, 0, 
174, 37, 0, 
174, 38, 0, 
174, 115, 0, 
174, 116, 0, 
174, 117, 0, 
174, 123, 0, 
174, 124, 0, 
174, 168, 0, 
174, 169, 0, 
174, 181, 0, 
174, 182, 0, 
174, 183, 0, 
174, 195, 0, 
174, 197, 0, 
174, 199, 0, 
174, 205, 0, 
174, 206, 0, 
174, 207, 0, 
175, 1, 0, 
175, 4, 0, 
175, 6, 0, 
175, 29, 0, 
175, 37, 0, 
175, 38, 0, 
175, 116, 0, 
175, 117, 0, 
175, 124, 0, 
175, 169, 0, 
175, 182, 0, 
175, 183, 0, 
175, 197, 0, 
175, 199, 0, 
175, 206, 0, 
175, 207, 0, 
176, 1, 0, 
176, 4, 0, 
176, 6, 0, 
176, 38, 0, 
176, 117, 0, 
176, 183, 0, 
176, 199, 0, 
176, 207, 0, 
177, 1, 0, 
177, 20, 0, 
177, 22, 0, 
177, 24, 0, 
177, 26, 0, 
177, 28, 0, 
177, 30, 0, 
177, 119, 0, 
177, 120, 0, 
177, 121, 0, 
177, 122, 0, 
177, 123, 0, 
177, 124, 0, 
177, 171, 0, 
177, 172, 0, 
177, 173, 0, 
177, 174, 0, 
177, 175, 0, 
177, 176, 0, 
177, 187, 0, 
177, 189, 0, 
177, 191, 0, 
177, 193, 0, 
177, 195, 0, 
177, 197, 0, 
177, 199, 0, 
178, 1, 0, 
178, 22, 0, 
178, 24, 0, 
178, 26, 0, 
178, 28, 0, 
178, 30, 0, 
178, 120, 0, 
178, 121, 0, 
178, 122, 0, 
178, 123, 0, 
178, 124, 0, 
178, 172, 0, 
178, 173, 0, 
178, 174, 0, 
178, 175, 0, 
178, 176, 0, 
178, 189, 0, 
178, 191, 0, 
178, 193, 0, 
178, 195, 0, 
178, 197, 0, 
178, 199, 0, 
179, 1, 0, 
179, 24, 0, 
179, 26, 0, 
179, 28, 0, 
179, 30, 0, 
179, 121, 0, 
179, 122, 0, 
179, 123, 0, 
179, 124, 0, 
179, 173, 0, 
179, 174, 0, 
179, 175, 0, 
179, 176, 0, 
179, 191, 0, 
179, 193, 0, 
179, 195, 0, 
179, 197, 0, 
179, 199, 0, 
180, 1, 0, 
180, 26, 0, 
180, 28, 0, 
180, 30, 0, 
180, 122, 0, 
180, 123, 0, 
180, 124, 0, 
180, 174, 0, 
180, 175, 0, 
180, 176, 0, 
180, 193, 0, 
180, 195, 0, 
180, 197, 0, 
180, 199, 0, 
181, 1, 0, 
181, 28, 0, 
181, 30, 0, 
181, 123, 0, 
181, 124, 0, 
181, 175, 0, 
181, 176, 0, 
181, 195, 0, 
181, 197, 0, 
181, 199, 0, 
182, 1, 0, 
182, 30, 0, 
182, 124, 0, 
182, 176, 0, 
182, 197, 0, 
182, 199, 0, 
183, 1, 0, 
183, 199, 0, 
184, 6, 0, 
184, 7, 0, 
184, 118, 0, 
184, 119, 0, 
184, 120, 0, 
184, 121, 0, 
184, 122, 0, 
184, 123, 0, 
184, 124, 0, 
184, 185, 0, 
184, 187, 0, 
184, 189, 0, 
184, 191, 0, 
184, 193, 0, 
184, 195, 0, 
184, 197, 0, 
184, 199, 0, 
185, 4, 0, 
185, 5, 0, 
185, 6, 0, 
185, 7, 0, 
185, 17, 0, 
185, 18, 0, 
185, 19, 0, 
185, 20, 0, 
185, 21, 0, 
185, 22, 0, 
185, 23, 0, 
185, 24, 0, 
185, 25, 0, 
185, 26, 0, 
185, 27, 0, 
185, 28, 0, 
185, 29, 0, 
185, 30, 0, 
185, 32, 0, 
185, 33, 0, 
185, 34, 0, 
185, 35, 0, 
185, 36, 0, 
185, 37, 0, 
185, 38, 0, 
185, 110, 0, 
185, 111, 0, 
185, 112, 0, 
185, 113, 0, 
185, 114, 0, 
185, 115, 0, 
185, 116, 0, 
185, 117, 0, 
185, 125, 0, 
185, 126, 0, 
185, 127, 0, 
185, 128, 0, 
185, 129, 0, 
185, 130, 0, 
185, 131, 0, 
185, 163, 0, 
185, 164, 0, 
185, 165, 0, 
185, 166, 0, 
185, 167, 0, 
185, 168, 0, 
185, 169, 0, 
185, 170, 0, 
185, 171, 0, 
185, 172, 0, 
185, 173, 0, 
185, 174, 0, 
185, 175, 0, 
185, 176, 0, 
185, 177, 0, 
185, 178, 0, 
185, 179, 0, 
185, 180, 0, 
185, 181, 0, 
185, 182, 0, 
185, 183, 0, 
185, 186, 0, 
185, 188, 0, 
185, 190, 0, 
185, 192, 0, 
185, 194, 0, 
185, 196, 0, 
185, 198, 0, 
185, 200, 0, 
185, 201, 0, 
185, 202, 0, 
185, 203, 0, 
185, 204, 0, 
185, 205, 0, 
185, 206, 0, 
185, 207, 0, 
186, 6, 0, 
186, 7, 0, 
186, 119, 0, 
186, 120, 0, 
186, 121, 0, 
186, 122, 0, 
186, 123, 0, 
186, 124, 0, 
186, 187, 0, 
186, 189, 0, 
186, 191, 0, 
186, 193, 0, 
186, 195, 0, 
186, 197, 0, 
186, 199, 0, 
187, 4, 0, 
187, 5, 0, 
187, 6, 0, 
187, 7, 0, 
187, 19, 0, 
187, 20, 0, 
187, 21, 0, 
187, 22, 0, 
187, 23, 0, 
187, 24, 0, 
187, 25, 0, 
187, 26, 0, 
187, 27, 0, 
187, 28, 0, 
187, 29, 0, 
187, 30, 0, 
187, 33, 0, 
187, 34, 0, 
187, 35, 0, 
187, 36, 0, 
187, 37, 0, 
187, 38, 0, 
187, 111, 0, 
187, 112, 0, 
187, 113, 0, 
187, 114, 0, 
187, 115, 0, 
187, 116, 0, 
187, 117, 0, 
187, 126, 0, 
187, 127, 0, 
187, 128, 0, 
187, 129, 0, 
187, 130, 0, 
187, 131, 0, 
187, 164, 0, 
187, 165, 0, 
187, 166, 0, 
187, 167, 0, 
187, 168, 0, 
187, 169, 0, 
187, 171, 0, 
187, 172, 0, 
187, 173, 0, 
187, 174, 0, 
187, 175, 0, 
187, 176, 0, 
187, 177, 0, 
187, 178, 0, 
187, 179, 0, 
187, 180, 0, 
187, 181, 0, 
187, 182, 0, 
187, 183, 0, 
187, 188, 0, 
187, 190, 0, 
187, 192, 0, 
187, 194, 0, 
187, 196, 0, 
187, 198, 0, 
187, 201, 9, 
187, 202, 0, 
187, 203, 0, 
187, 204, 0, 
187, 205, 0, 
187, 206, 0, 
187, 207, 0, 
188, 6, 0, 
188, 7, 0, 
188, 120, 0, 
188, 121, 0, 
188, 122, 0, 
188, 123, 0, 
188, 124, 0, 
188, 189, 0, 
188, 191, 0, 
188, 193, 0, 
188, 195, 0, 
188, 197, 0, 
188, 199, 0, 
189, 4, 0, 
189, 5, 0, 
189, 6, 0, 
189, 7, 0, 
189, 21, 0, 
189, 22, 0, 
189, 23, 0, 
189, 24, 0, 
189, 25, 0, 
189, 26, 0, 
189, 27, 0, 
189, 28, 0, 
189, 29, 0, 
189, 30, 0, 
189, 34, 0, 
189, 35, 0, 
189, 36, 0, 
189, 37, 0, 
189, 38, 0, 
189, 112, 0, 
189, 113, 0, 
189, 114, 0, 
189, 115, 0, 
189, 116, 0, 
189, 117, 0, 
189, 127, 0, 
189, 128, 0, 
189, 129, 0, 
189, 130, 0, 
189, 131, 0, 
189, 165, 0, 
189, 166, 0, 
189, 167, 0, 
189, 168, 0, 
189, 169, 0, 
189, 172, 0, 
189, 173, 0, 
189, 174, 0, 
189, 175, 0, 
189, 176, 0, 
189, 178, 0, 
189, 179, 0, 
189, 180, 0, 
189, 181, 0, 
189, 182, 0, 
189, 183, 0, 
189, 190, 0, 
189, 192, 0, 
189, 194, 0, 
189, 196, 0, 
189, 198, 0, 
189, 202, 0, 
189, 203, 0, 
189, 204, 0, 
189, 205, 0, 
189, 206, 0, 
189, 207, 0, 
190, 6, 0, 
190, 7, 0, 
190, 121, 0, 
190, 122, 0, 
190, 123, 0, 
190, 124, 0, 
190, 191, 0, 
190, 193, 0, 
190, 195, 0, 
190, 197, 0, 
190, 199, 0, 
191, 4, 0, 
191, 5, 0, 
191, 6, 0, 
191, 7, 0, 
191, 23, 0, 
191, 24, 0, 
191, 25, 0, 
191, 26, 0, 
191, 27, 0, 
191, 28, 0, 
191, 29, 0, 
191, 30, 0, 
191, 35, 0, 
191, 36, 0, 
191, 37, 0, 
191, 38, 0, 
191, 113, 0, 
191, 114, 0, 
191, 115, 0, 
191, 116, 0, 
191, 117, 0, 
191, 128, 0, 
191, 129, 0, 
191, 130, 0, 
191, 131, 0, 
191, 166, 0, 
191, 167, 0, 
191, 168, 0, 
191, 169, 0, 
191, 173, 0, 
191, 174, 0, 
191, 175, 0, 
191, 176, 0, 
191, 179, 0, 
191, 180, 0, 
191, 181, 0, 
191, 182, 0, 
191, 183, 0, 
191, 192, 0, 
191, 194, 0, 
191, 196, 0, 
191, 198, 0, 
191, 203, 5, 
191, 204, 0, 
191, 205, 0, 
191, 206, 0, 
191, 207, 0, 
192, 6, 0, 
192, 7, 0, 
192, 122, 0, 
192, 123, 0, 
192, 124, 0, 
192, 193, 0, 
192, 195, 0, 
192, 197, 0, 
192, 199, 0, 
193, 4, 0, 
193, 5, 0, 
193, 6, 0, 
193, 7, 0, 
193, 25, 0, 
193, 26, 0, 
193, 27, 0, 
193, 28, 0, 
193, 29, 0, 
193, 30, 0, 
193, 36, 0, 
193, 37, 0, 
193, 38, 0, 
193, 114, 0, 
193, 115, 0, 
193, 116, 0, 
193, 117, 0, 
193, 129, 0, 
193, 130, 0, 
193, 131, 0, 
193, 167, 0, 
193, 168, 0, 
193, 169, 0, 
193, 174, 0, 
193, 175, 0, 
193, 176, 0, 
193, 180, 0, 
193, 181, 0, 
193, 182, 0, 
193, 183, 0, 
193, 194, 0, 
193, 196, 0, 
193, 198, 0, 
193, 204, 2, 
193, 205, 0, 
193, 206, 0, 
193, 207, 0, 
194, 6, 0, 
194, 7, 0, 
194, 123, 0, 
194, 124, 0, 
194, 195, 0, 
194, 197, 0, 
194, 199, 0, 
195, 4, 0, 
195, 5, 0, 
195, 6, 0, 
195, 7, 0, 
195, 27, 0, 
195, 28, 0, 
195, 29, 0, 
195, 30, 0, 
195, 37, 0, 
195, 38, 0, 
195, 115, 0, 
195, 116, 0, 
195, 117, 0, 
195, 130, 0, 
195, 131, 0, 
195, 168, 0, 
195, 169, 0, 
195, 175, 0, 
195, 176, 0, 
195, 181, 0, 
195, 182, 0, 
195, 183, 0, 
195, 196, 0, 
195, 198, 0, 
195, 205, 0, 
195, 206, 0, 
195, 207, 0, 
196, 6, 0, 
196, 7, 0, 
196, 124, 0, 
196, 197, 0, 
196, 199, 0, 
197, 4, 0, 
197, 5, 0, 
197, 6, 0, 
197, 7, 0, 
197, 29, 0, 
197, 30, 0, 
197, 38, 0, 
197, 116, 0, 
197, 117, 0, 
197, 131, 0, 
197, 169, 0, 
197, 176, 0, 
197, 182, 0, 
197, 183, 0, 
197, 198, 0, 
197, 206, 0, 
197, 207, 0, 
198, 6, 0, 
198, 7, 0, 
198, 199, 0, 
199, 4, 0, 
199, 5, 0, 
199, 6, 0, 
199, 7, 0, 
199, 117, 0, 
199, 183, 0, 
199, 207, 0, 
200, 3, 0, 
200, 4, 0, 
200, 5, 0, 
200, 6, 0, 
200, 7, 0, 
200, 9, 0, 
200, 18, 0, 
200, 20, 0, 
200, 22, 0, 
200, 24, 0, 
200, 26, 0, 
200, 28, 0, 
200, 30, 0, 
200, 32, 0, 
200, 33, 0, 
200, 34, 0, 
200, 35, 0, 
200, 36, 0, 
200, 37, 0, 
200, 38, 0, 
200, 40, 0, 
200, 41, 0, 
200, 42, 0, 
200, 43, 0, 
200, 44, 0, 
200, 45, 0, 
200, 46, 0, 
200, 95, 0, 
200, 96, 0, 
200, 97, 0, 
200, 98, 0, 
200, 99, 0, 
200, 100, 0, 
200, 101, 0, 
200, 103, 0, 
200, 104, 0, 
200, 105, 0, 
200, 106, 0, 
200, 107, 0, 
200, 108, 0, 
200, 109, 0, 
200, 118, 0, 
200, 119, 0, 
200, 120, 0, 
200, 121, 0, 
200, 122, 0, 
200, 123, 0, 
200, 124, 0, 
200, 156, 0, 
200, 157, 0, 
200, 158, 0, 
200, 159, 0, 
200, 160, 0, 
200, 161, 0, 
200, 162, 0, 
200, 163, 0, 
200, 164, 0, 
200, 165, 0, 
200, 166, 0, 
200, 167, 0, 
200, 168, 0, 
200, 169, 0, 
200, 170, 0, 
200, 171, 0, 
200, 172, 0, 
200, 173, 0, 
200, 174, 0, 
200, 175, 0, 
200, 176, 0, 
200, 187, 0, 
200, 189, 0, 
200, 191, 0, 
200, 193, 0, 
200, 195, 0, 
200, 197, 0, 
200, 199, 0, 
200, 208, 32, 
200, 209, 0, 
200, 210, 0, 
200, 211, 0, 
200, 212, 0, 
200, 213, 0, 
200, 214, 0, 
200, 215, 0, 
200, 216, 0, 
200, 217, 0, 
200, 218, 0, 
200, 219, 0, 
200, 220, 0, 
200, 221, 0, 
201, 3, 0, 
201, 4, 0, 
201, 5, 0, 
201, 6, 0, 
201, 7, 0, 
201, 9, 0, 
201, 20, 0, 
201, 22, 0, 
201, 24, 0, 
201, 26, 0, 
201, 28, 0, 
201, 30, 0, 
201, 33, 1, 
201, 34, 0, 
201, 35, 0, 
201, 36, 0, 
201, 37, 0, 
201, 38, 0, 
201, 41, 8, 
201, 42, 0, 
201, 43, 0, 
201, 44, 0, 
201, 45, 0, 
201, 46, 0, 
201, 96, 0, 
201, 97, 0, 
201, 98, 0, 
201, 99, 0, 
201, 100, 0, 
201, 101, 0, 
201, 104, 0, 
201, 105, 0, 
201, 106, 0, 
201, 107, 0, 
201, 108, 0, 
201, 109, 0, 
201, 119, 0, 
201, 120, 0, 
201, 121, 0, 
201, 122, 0, 
201, 123, 0, 
201, 124, 0, 
201, 157, 0, 
201, 158, 0, 
201, 159, 0, 
201, 160, 0, 
201, 161, 0, 
201, 162, 0, 
201, 164, 0, 
201, 165, 0, 
201, 166, 0, 
201, 167, 0, 
201, 168, 0, 
201, 169, 0, 
201, 171, 0, 
201, 172, 0, 
201, 173, 0, 
201, 174, 0, 
201, 175, 0, 
201, 176, 0, 
201, 189, 0, 
201, 191, 0, 
201, 193, 0, 
201, 195, 0, 
201, 197, 0, 
201, 199, 0, 
201, 209, 0, 
201, 210, 0, 
201, 211, 0, 
201, 212, 0, 
201, 213, 0, 
201, 214, 0, 
201, 216, 0, 
201, 217, 0, 
201, 218, 0, 
201, 219, 0, 
201, 220, 0, 
201, 221, 0, 
202, 3, 0, 
202, 4, 0, 
202, 5, 0, 
202, 6, 0, 
202, 7, 0, 
202, 9, 0, 
202, 22, 0, 
202, 24, 0, 
202, 26, 0, 
202, 28, 0, 
202, 30, 0, 
202, 34, 0, 
202, 35, 0, 
202, 36, 0, 
202, 37, 0, 
202, 38, 0, 
202, 42, 0, 
202, 43, 0, 
202, 44, 0, 
202, 45, 0, 
202, 46, 0, 
202, 97, 0, 
202, 98, 0, 
202, 99, 0, 
202, 100, 0, 
202, 101, 0, 
202, 105, 0, 
202, 106, 0, 
202, 107, 0, 
202, 108, 0, 
202, 109, 0, 
202, 120, 0, 
202, 121, 0, 
202, 122, 0, 
202, 123, 0, 
202, 124, 0, 
202, 158, 0, 
202, 159, 0, 
202, 160, 0, 
202, 161, 0, 
202, 162, 0, 
202, 165, 0, 
202, 166, 0, 
202, 167, 0, 
202, 168, 0, 
202, 169, 0, 
202, 172, 0, 
202, 173, 0, 
202, 174, 0, 
202, 175, 0, 
202, 176, 0, 
202, 191, 0, 
202, 193, 0, 
202, 195, 0, 
202, 197, 0, 
202, 199, 0, 
202, 210, 27, 
202, 211, 0, 
202, 212, 0, 
202, 213, 0, 
202, 214, 0, 
202, 217, 0, 
202, 218, 0, 
202, 219, 0, 
202, 220, 0, 
202, 221, 0, 
203, 3, 0, 
203, 4, 0, 
203, 5, 0, 
203, 6, 0, 
203, 7, 0, 
203, 9, 0, 
203, 24, 0, 
203, 26, 0, 
203, 28, 0, 
203, 30, 0, 
203, 35, 0, 
203, 36, 0, 
203, 37, 0, 
203, 38, 0, 
203, 43, 5, 
203, 44, 0, 
203, 45, 0, 
203, 46, 0, 
203, 98, 0, 
203, 99, 0, 
203, 100, 0, 
203, 101, 0, 
203, 106, 0, 
203, 107, 0, 
203, 108, 0, 
203, 109, 0, 
203, 121, 0, 
203, 122, 0, 
203, 123, 0, 
203, 124, 0, 
203, 159, 0, 
203, 160, 0, 
203, 161, 0, 
203, 162, 0, 
203, 166, 0, 
203, 167, 0, 
203, 168, 0, 
203, 169, 0, 
203, 173, 0, 
203, 174, 0, 
203, 175, 0, 
203, 176, 0, 
203, 193, 0, 
203, 195, 0, 
203, 197, 0, 
203, 199, 0, 
203, 211, 17, 
203, 212, 0, 
203, 213, 0, 
203, 214, 0, 
203, 218, 0, 
203, 219, 0, 
203, 220, 0, 
203, 221, 0, 
204, 3, 0, 
204, 4, 0, 
204, 5, 0, 
204, 6, 0, 
204, 7, 0, 
204, 9, 0, 
204, 26, 0, 
204, 28, 0, 
204, 30, 0, 
204, 36, 0, 
204, 37, 0, 
204, 38, 0, 
204, 44, 2, 
204, 45, 0, 
204, 46, 0, 
204, 99, 0, 
204, 100, 0, 
204, 101, 0, 
204, 107, 0, 
204, 108, 0, 
204, 109, 0, 
204, 122, 0, 
204, 123, 0, 
204, 124, 0, 
204, 160, 0, 
204, 161, 0, 
204, 162, 0, 
204, 167, 0, 
204, 168, 0, 
204, 169, 0, 
204, 174, 0, 
204, 175, 0, 
204, 176, 0, 
204, 195, 0, 
204, 197, 0, 
204, 199, 0, 
204, 212, 15, 
204, 213, 0, 
204, 214, 0, 
204, 219, 0, 
204, 220, 0, 
204, 221, 0, 
205, 3, 0, 
205, 4, 0, 
205, 5, 0, 
205, 6, 0, 
205, 7, 0, 
205, 9, 0, 
205, 28, 0, 
205, 30, 0, 
205, 37, 0, 
205, 38, 0, 
205, 45, 0, 
205, 46, 0, 
205, 100, 0, 
205, 101, 0, 
205, 108, 0, 
205, 109, 0, 
205, 123, 0, 
205, 124, 0, 
205, 161, 0, 
205, 162, 0, 
205, 168, 0, 
205, 169, 0, 
205, 175, 0, 
205, 176, 0, 
205, 197, 0, 
205, 199, 0, 
205, 213, 15, 
205, 214, 0, 
205, 220, 0, 
205, 221, 0, 
206, 3, 0, 
206, 4, 0, 
206, 5, 0, 
206, 6, 0, 
206, 7, 0, 
206, 9, 0, 
206, 30, 0, 
206, 38, 0, 
206, 46, 0, 
206, 101, 0, 
206, 109, 0, 
206, 124, 0, 
206, 162, 0, 
206, 169, 0, 
206, 176, 0, 
206, 199, 0, 
206, 214, 0, 
206, 221, 0, 
207, 3, 0, 
207, 4, 0, 
207, 5, 0, 
207, 6, 0, 
207, 7, 0, 
207, 9, 0, 
208, 0, 0, 
208, 3, 0, 
208, 4, 0, 
208, 5, 0, 
208, 6, 0, 
208, 7, 0, 
208, 9, 0, 
208, 40, 32, 
208, 41, 0, 
208, 42, 0, 
208, 43, 0, 
208, 44, 0, 
208, 45, 0, 
208, 46, 0, 
208, 95, 0, 
208, 96, 0, 
208, 97, 0, 
208, 98, 0, 
208, 99, 0, 
208, 100, 0, 
208, 101, 0, 
208, 111, 0, 
208, 112, 0, 
208, 113, 0, 
208, 114, 0, 
208, 115, 0, 
208, 116, 0, 
208, 117, 0, 
208, 156, 0, 
208, 157, 0, 
208, 158, 0, 
208, 159, 0, 
208, 160, 0, 
208, 161, 0, 
208, 162, 0, 
208, 201, 0, 
208, 202, 0, 
208, 203, 0, 
208, 204, 0, 
208, 205, 0, 
208, 206, 0, 
208, 207, 0, 
208, 215, 2, 
208, 216, 0, 
208, 217, 0, 
208, 218, 0, 
208, 219, 0, 
208, 220, 0, 
208, 221, 0, 
208, 243, 0, 
209, 0, 0, 
209, 3, 0, 
209, 4, 0, 
209, 5, 0, 
209, 6, 0, 
209, 7, 0, 
209, 9, 0, 
209, 41, 0, 
209, 42, 0, 
209, 43, 0, 
209, 44, 0, 
209, 45, 0, 
209, 46, 0, 
209, 96, 0, 
209, 97, 0, 
209, 98, 0, 
209, 99, 0, 
209, 100, 0, 
209, 101, 0, 
209, 112, 0, 
209, 113, 0, 
209, 114, 0, 
209, 115, 0, 
209, 116, 0, 
209, 117, 0, 
209, 157, 0, 
209, 158, 0, 
209, 159, 0, 
209, 160, 0, 
209, 161, 0, 
209, 162, 0, 
209, 202, 0, 
209, 203, 0, 
209, 204, 0, 
209, 205, 0, 
209, 206, 0, 
209, 207, 0, 
209, 216, 4, 
209, 217, 0, 
209, 218, 0, 
209, 219, 0, 
209, 220, 0, 
209, 221, 0, 
209, 243, 0, 
210, 0, 0, 
210, 3, 4, 
210, 4, 0, 
210, 5, 0, 
210, 6, 0, 
210, 7, 0, 
210, 9, 0, 
210, 42, 20, 
210, 43, 0, 
210, 44, 0, 
210, 45, 0, 
210, 46, 0, 
210, 97, 0, 
210, 98, 0, 
210, 99, 0, 
210, 100, 0, 
210, 101, 0, 
210, 113, 0, 
210, 114, 0, 
210, 115, 0, 
210, 116, 0, 
210, 117, 0, 
210, 158, 0, 
210, 159, 0, 
210, 160, 0, 
210, 161, 0, 
210, 162, 0, 
210, 203, 0, 
210, 204, 0, 
210, 205, 0, 
210, 206, 0, 
210, 207, 0, 
210, 217, 13, 
210, 218, 0, 
210, 219, 0, 
210, 220, 0, 
210, 221, 0, 
210, 243, 0, 
211, 0, 0, 
211, 3, 9, 
211, 4, 0, 
211, 5, 0, 
211, 6, 0, 
211, 7, 0, 
211, 9, 0, 
211, 43, 5, 
211, 44, 0, 
211, 45, 0, 
211, 46, 0, 
211, 98, 0, 
211, 99, 0, 
211, 100, 0, 
211, 101, 0, 
211, 114, 0, 
211, 115, 0, 
211, 116, 0, 
211, 117, 0, 
211, 159, 0, 
211, 160, 0, 
211, 161, 0, 
211, 162, 0, 
211, 204, 0, 
211, 205, 0, 
211, 206, 0, 
211, 207, 0, 
211, 218, 13, 
211, 219, 0, 
211, 220, 0, 
211, 221, 0, 
211, 243, 0, 
212, 0, 0, 
212, 3, 6, 
212, 4, 0, 
212, 5, 0, 
212, 6, 0, 
212, 7, 0, 
212, 9, 0, 
212, 44, 4, 
212, 45, 0, 
212, 46, 0, 
212, 99, 0, 
212, 100, 0, 
212, 101, 0, 
212, 115, 0, 
212, 116, 0, 
212, 117, 0, 
212, 160, 0, 
212, 161, 0, 
212, 162, 0, 
212, 205, 0, 
212, 206, 0, 
212, 207, 0, 
212, 219, 26, 
212, 220, 0, 
212, 221, 0, 
212, 243, 0, 
213, 0, 0, 
213, 3, 7, 
213, 4, 0, 
213, 5, 0, 
213, 6, 0, 
213, 7, 0, 
213, 9, 0, 
213, 45, 0, 
213, 46, 0, 
213, 100, 0, 
213, 101, 0, 
213, 116, 0, 
213, 117, 0, 
213, 161, 0, 
213, 162, 0, 
213, 206, 0, 
213, 207, 0, 
213, 220, 19, 
213, 221, 0, 
213, 243, 0, 
214, 0, 0, 
214, 3, 0, 
214, 4, 0, 
214, 5, 0, 
214, 6, 0, 
214, 7, 0, 
214, 9, 0, 
214, 46, 0, 
214, 101, 0, 
214, 117, 0, 
214, 162, 0, 
214, 207, 0, 
214, 221, 15, 
214, 243, 0, 
215, 0, 0, 
215, 3, 0, 
215, 5, 0, 
215, 9, 0, 
215, 87, 0, 
215, 88, 0, 
215, 89, 0, 
215, 90, 0, 
215, 91, 0, 
215, 92, 0, 
215, 93, 0, 
215, 103, 0, 
215, 104, 0, 
215, 105, 0, 
215, 106, 0, 
215, 107, 0, 
215, 108, 0, 
215, 109, 0, 
215, 111, 0, 
215, 112, 0, 
215, 113, 0, 
215, 114, 0, 
215, 115, 0, 
215, 116, 0, 
215, 117, 0, 
215, 201, 0, 
215, 202, 0, 
215, 203, 0, 
215, 204, 0, 
215, 205, 0, 
215, 206, 0, 
215, 207, 0, 
215, 209, 0, 
215, 210, 0, 
215, 211, 0, 
215, 212, 0, 
215, 213, 0, 
215, 214, 0, 
215, 222, 26, 
215, 223, 0, 
215, 224, 0, 
215, 225, 0, 
215, 226, 0, 
215, 227, 0, 
215, 228, 0, 
215, 243, 0, 
216, 0, 0, 
216, 3, 0, 
216, 5, 0, 
216, 9, 0, 
216, 88, 0, 
216, 89, 0, 
216, 90, 0, 
216, 91, 0, 
216, 92, 0, 
216, 93, 0, 
216, 104, 0, 
216, 105, 0, 
216, 106, 0, 
216, 107, 0, 
216, 108, 0, 
216, 109, 0, 
216, 112, 0, 
216, 113, 0, 
216, 114, 0, 
216, 115, 0, 
216, 116, 0, 
216, 117, 0, 
216, 202, 0, 
216, 203, 0, 
216, 204, 0, 
216, 205, 0, 
216, 206, 0, 
216, 207, 0, 
216, 210, 0, 
216, 211, 0, 
216, 212, 0, 
216, 213, 0, 
216, 214, 0, 
216, 223, 2, 
216, 224, 0, 
216, 225, 0, 
216, 226, 0, 
216, 227, 0, 
216, 228, 0, 
216, 243, 2, 
217, 0, 0, 
217, 3, 0, 
217, 5, 0, 
217, 9, 0, 
217, 89, 0, 
217, 90, 0, 
217, 91, 0, 
217, 92, 0, 
217, 93, 0, 
217, 105, 0, 
217, 106, 0, 
217, 107, 0, 
217, 108, 0, 
217, 109, 0, 
217, 113, 0, 
217, 114, 0, 
217, 115, 0, 
217, 116, 0, 
217, 117, 0, 
217, 203, 0, 
217, 204, 0, 
217, 205, 0, 
217, 206, 0, 
217, 207, 0, 
217, 211, 0, 
217, 212, 0, 
217, 213, 0, 
217, 214, 0, 
217, 224, 14, 
217, 225, 0, 
217, 226, 0, 
217, 227, 0, 
217, 228, 0, 
217, 243, 5, 
218, 0, 0, 
218, 3, 0, 
218, 5, 0, 
218, 9, 0, 
218, 90, 0, 
218, 91, 0, 
218, 92, 0, 
218, 93, 0, 
218, 106, 0, 
218, 107, 0, 
218, 108, 0, 
218, 109, 0, 
218, 114, 0, 
218, 115, 0, 
218, 116, 0, 
218, 117, 0, 
218, 204, 0, 
218, 205, 0, 
218, 206, 0, 
218, 207, 0, 
218, 212, 0, 
218, 213, 0, 
218, 214, 0, 
218, 225, 15, 
218, 226, 0, 
218, 227, 0, 
218, 228, 0, 
218, 243, 7, 
219, 0, 0, 
219, 3, 0, 
219, 5, 0, 
219, 9, 0, 
219, 91, 0, 
219, 92, 0, 
219, 93, 0, 
219, 107, 0, 
219, 108, 0, 
219, 109, 0, 
219, 115, 0, 
219, 116, 0, 
219, 117, 0, 
219, 205, 0, 
219, 206, 0, 
219, 207, 0, 
219, 213, 0, 
219, 214, 0, 
219, 226, 21, 
219, 227, 0, 
219, 228, 0, 
219, 243, 11, 
220, 0, 0, 
220, 3, 0, 
220, 5, 0, 
220, 9, 0, 
220, 92, 0, 
220, 93, 0, 
220, 108, 0, 
220, 109, 0, 
220, 116, 0, 
220, 117, 0, 
220, 206, 0, 
220, 207, 0, 
220, 214, 0, 
220, 227, 21, 
220, 228, 0, 
220, 243, 7, 
221, 0, 0, 
221, 3, 0, 
221, 5, 0, 
221, 9, 0, 
221, 93, 0, 
221, 109, 0, 
221, 117, 0, 
221, 207, 0, 
221, 228, 7, 
221, 243, 9, 
222, 0, 0, 
222, 2, 0, 
222, 3, 0, 
222, 9, 0, 
222, 10, 0, 
222, 13, 0, 
222, 75, 0, 
222, 77, 0, 
222, 79, 0, 
222, 81, 0, 
222, 83, 0, 
222, 85, 0, 
222, 95, 0, 
222, 96, 0, 
222, 97, 0, 
222, 98, 0, 
222, 99, 0, 
222, 100, 0, 
222, 101, 0, 
222, 216, 0, 
222, 217, 0, 
222, 218, 0, 
222, 219, 0, 
222, 220, 0, 
222, 221, 0, 
222, 229, 38, 
222, 230, 0, 
222, 231, 0, 
222, 232, 0, 
222, 233, 0, 
222, 234, 0, 
222, 235, 0, 
222, 243, 0, 
223, 0, 0, 
223, 2, 0, 
223, 3, 0, 
223, 9, 0, 
223, 10, 0, 
223, 13, 0, 
223, 77, 0, 
223, 79, 0, 
223, 81, 0, 
223, 83, 0, 
223, 85, 0, 
223, 96, 0, 
223, 97, 0, 
223, 98, 0, 
223, 99, 0, 
223, 100, 0, 
223, 101, 0, 
223, 217, 0, 
223, 218, 0, 
223, 219, 0, 
223, 220, 0, 
223, 221, 0, 
223, 230, 0, 
223, 231, 0, 
223, 232, 0, 
223, 233, 0, 
223, 234, 0, 
223, 235, 0, 
223, 243, 2, 
224, 0, 0, 
224, 2, 0, 
224, 3, 0, 
224, 9, 0, 
224, 10, 0, 
224, 13, 0, 
224, 79, 0, 
224, 81, 0, 
224, 83, 0, 
224, 85, 0, 
224, 97, 0, 
224, 98, 0, 
224, 99, 0, 
224, 100, 0, 
224, 101, 0, 
224, 218, 0, 
224, 219, 0, 
224, 220, 0, 
224, 221, 0, 
224, 231, 9, 
224, 232, 0, 
224, 233, 0, 
224, 234, 0, 
224, 235, 0, 
224, 243, 5, 
225, 0, 0, 
225, 2, 0, 
225, 3, 0, 
225, 9, 0, 
225, 10, 0, 
225, 13, 0, 
225, 81, 0, 
225, 83, 0, 
225, 85, 0, 
225, 98, 0, 
225, 99, 0, 
225, 100, 0, 
225, 101, 0, 
225, 219, 0, 
225, 220, 0, 
225, 221, 0, 
225, 232, 12, 
225, 233, 0, 
225, 234, 0, 
225, 235, 0, 
225, 243, 3, 
226, 0, 0, 
226, 2, 0, 
226, 3, 0, 
226, 9, 0, 
226, 10, 0, 
226, 13, 0, 
226, 83, 0, 
226, 85, 0, 
226, 99, 0, 
226, 100, 0, 
226, 101, 0, 
226, 220, 0, 
226, 221, 0, 
226, 233, 11, 
226, 234, 0, 
226, 235, 0, 
226, 243, 10, 
227, 0, 0, 
227, 2, 0, 
227, 3, 0, 
227, 9, 0, 
227, 10, 0, 
227, 13, 0, 
227, 85, 0, 
227, 100, 0, 
227, 101, 0, 
227, 221, 0, 
227, 234, 14, 
227, 235, 0, 
227, 243, 7, 
228, 0, 0, 
228, 2, 0, 
228, 3, 0, 
228, 9, 0, 
228, 10, 0, 
228, 13, 0, 
228, 101, 0, 
228, 235, 0, 
228, 243, 7, 
229, 0, 0, 
229, 2, 11, 
229, 10, 23, 
229, 13, 2, 
229, 74, 0, 
229, 76, 0, 
229, 78, 0, 
229, 80, 0, 
229, 82, 0, 
229, 84, 0, 
229, 88, 0, 
229, 89, 0, 
229, 90, 0, 
229, 91, 0, 
229, 92, 0, 
229, 93, 0, 
229, 223, 0, 
229, 224, 0, 
229, 225, 0, 
229, 226, 0, 
229, 227, 0, 
229, 228, 0, 
229, 236, 2, 
229, 237, 0, 
229, 238, 0, 
229, 239, 0, 
229, 240, 0, 
229, 241, 0, 
229, 242, 0, 
229, 243, 0, 
230, 0, 0, 
230, 2, 0, 
230, 10, 0, 
230, 13, 0, 
230, 76, 0, 
230, 78, 0, 
230, 80, 0, 
230, 82, 0, 
230, 84, 0, 
230, 89, 0, 
230, 90, 0, 
230, 91, 0, 
230, 92, 0, 
230, 93, 0, 
230, 224, 0, 
230, 225, 0, 
230, 226, 0, 
230, 227, 0, 
230, 228, 0, 
230, 237, 0, 
230, 238, 0, 
230, 239, 0, 
230, 240, 0, 
230, 241, 0, 
230, 242, 0, 
230, 243, 0, 
231, 0, 0, 
231, 2, 2, 
231, 10, 4, 
231, 13, 3, 
231, 78, 0, 
231, 80, 0, 
231, 82, 0, 
231, 84, 0, 
231, 90, 0, 
231, 91, 0, 
231, 92, 0, 
231, 93, 0, 
231, 225, 0, 
231, 226, 0, 
231, 227, 0, 
231, 228, 0, 
231, 238, 0, 
231, 239, 0, 
231, 240, 0, 
231, 241, 0, 
231, 242, 0, 
231, 243, 0, 
232, 0, 0, 
232, 2, 0, 
232, 10, 9, 
232, 13, 3, 
232, 80, 0, 
232, 82, 0, 
232, 84, 0, 
232, 91, 0, 
232, 92, 0, 
232, 93, 0, 
232, 226, 0, 
232, 227, 0, 
232, 228, 0, 
232, 239, 0, 
232, 240, 0, 
232, 241, 0, 
232, 242, 0, 
232, 243, 0, 
233, 0, 0, 
233, 2, 1, 
233, 10, 6, 
233, 13, 4, 
233, 82, 0, 
233, 84, 0, 
233, 92, 0, 
233, 93, 0, 
233, 227, 0, 
233, 228, 0, 
233, 240, 0, 
233, 241, 0, 
233, 242, 0, 
233, 243, 0, 
234, 0, 0, 
234, 2, 0, 
234, 10, 7, 
234, 13, 7, 
234, 84, 0, 
234, 93, 0, 
234, 228, 0, 
234, 241, 0, 
234, 242, 0, 
234, 243, 0, 
235, 0, 0, 
235, 2, 0, 
235, 10, 0, 
235, 13, 0, 
235, 242, 0, 
235, 243, 0, 
236, 2, 1, 
236, 10, 1, 
236, 13, 0, 
236, 75, 0, 
236, 77, 0, 
236, 79, 0, 
236, 81, 0, 
236, 83, 0, 
236, 85, 0, 
236, 230, 0, 
236, 231, 0, 
236, 232, 0, 
236, 233, 0, 
236, 234, 0, 
236, 235, 0, 
237, 2, 0, 
237, 10, 0, 
237, 13, 0, 
237, 77, 0, 
237, 79, 0, 
237, 81, 0, 
237, 83, 0, 
237, 85, 0, 
237, 231, 0, 
237, 232, 0, 
237, 233, 0, 
237, 234, 0, 
237, 235, 0, 
238, 2, 0, 
238, 10, 0, 
238, 13, 0, 
238, 79, 0, 
238, 81, 0, 
238, 83, 0, 
238, 85, 0, 
238, 232, 0, 
238, 233, 0, 
238, 234, 0, 
238, 235, 0, 
239, 2, 0, 
239, 10, 0, 
239, 13, 0, 
239, 81, 0, 
239, 83, 0, 
239, 85, 0, 
239, 233, 0, 
239, 234, 0, 
239, 235, 0, 
240, 2, 0, 
240, 10, 0, 
240, 13, 0, 
240, 83, 0, 
240, 85, 0, 
240, 234, 0, 
240, 235, 0, 
241, 2, 0, 
241, 10, 0, 
241, 13, 0, 
241, 85, 0, 
241, 235, 0, 
242, 2, 0, 
242, 10, 0, 
242, 13, 0, 
243, 3, 0, 
243, 9, 0, 
243, 71, 0, 
243, 73, 0, 
243, 75, 0, 
243, 77, 0, 
243, 79, 0, 
243, 81, 0, 
243, 83, 0, 
243, 85, 0, 
243, 86, 0, 
243, 87, 0, 
243, 88, 0, 
243, 89, 0, 
243, 90, 0, 
243, 91, 0, 
243, 92, 0, 
243, 93, 0, 
243, 94, 0, 
243, 95, 0, 
243, 96, 0, 
243, 97, 0, 
243, 98, 0, 
243, 99, 0, 
243, 100, 0, 
243, 101, 0, 
243, 102, 0, 
243, 103, 0, 
243, 104, 0, 
243, 105, 0, 
243, 106, 0, 
243, 107, 0, 
243, 108, 0, 
243, 109, 0, 
243, 208, 0, 
243, 209, 0, 
243, 210, 0, 
243, 211, 0, 
243, 212, 0, 
243, 213, 0, 
243, 214, 0, 
243, 215, 0, 
243, 216, 0, 
243, 217, 0, 
243, 218, 0, 
243, 219, 0, 
243, 220, 0, 
243, 221, 0, 
243, 222, 0, 
243, 223, 0, 
243, 224, 0, 
243, 225, 0, 
243, 226, 0, 
243, 227, 0, 
243, 228, 0, 
243, 229, 0, 
243, 230, 0, 
243, 231, 0, 
243, 232, 0, 
243, 233, 0, 
243, 234, 0, 
243, 235, 0, 

